  -2.5000000e+02  -2.5000000e+02  -3.0000000e+01   1.0000000e+00   1.0488122e+02   1.9927187e+02   1.0512054e+02   2.0082269e+02
  -2.0000000e+02  -2.5000000e+02  -3.0000000e+01   1.0000000e+00   1.0483417e+02   1.9922555e+02   1.0487258e+02   2.0120974e+02
  -1.5000000e+02  -2.5000000e+02  -3.0000000e+01   1.0000000e+00   1.0477288e+02   1.9910247e+02   1.0469175e+02   2.0167371e+02
  -1.0000000e+02  -2.5000000e+02  -3.0000000e+01   1.0000000e+00   1.0471421e+02   1.9888778e+02   1.0451598e+02   2.0131576e+02
  -5.0000000e+01  -2.5000000e+02  -3.0000000e+01   1.0000000e+00   1.0466179e+02   1.9865615e+02   1.0439159e+02   2.0075219e+02
   0.0000000e+00  -2.5000000e+02  -3.0000000e+01   1.0000000e+00   1.0463521e+02   1.9855383e+02   1.0435310e+02   2.0051024e+02
   5.0000000e+01  -2.5000000e+02  -3.0000000e+01   1.0000000e+00   1.0466179e+02   1.9865615e+02   1.0439159e+02   2.0075219e+02
   1.0000000e+02  -2.5000000e+02  -3.0000000e+01   1.0000000e+00   1.0471421e+02   1.9888778e+02   1.0451598e+02   2.0131576e+02
   1.5000000e+02  -2.5000000e+02  -3.0000000e+01   1.0000000e+00   1.0477288e+02   1.9910247e+02   1.0469175e+02   2.0167371e+02
   2.0000000e+02  -2.5000000e+02  -3.0000000e+01   1.0000000e+00   1.0483417e+02   1.9922555e+02   1.0487258e+02   2.0120974e+02
   2.5000000e+02  -2.5000000e+02  -3.0000000e+01   1.0000000e+00   1.0488122e+02   1.9927187e+02   1.0512054e+02   2.0082269e+02
  -2.5000000e+02  -2.0000000e+02  -3.0000000e+01   1.0000000e+00   1.0483418e+02   1.9922554e+02   1.0475239e+02   2.0091140e+02
  -2.0000000e+02  -2.0000000e+02  -3.0000000e+01   1.0000000e+00   1.0477954e+02   1.9903586e+02   1.0438512e+02   2.0094391e+02
  -1.5000000e+02  -2.0000000e+02  -3.0000000e+01   1.0000000e+00   1.0485043e+02   1.9859436e+02   1.0444881e+02   2.0014014e+02
  -1.0000000e+02  -2.0000000e+02  -3.0000000e+01   1.0000000e+00   1.0516952e+02   1.9786104e+02   1.0494932e+02   1.9746992e+02
  -5.0000000e+01  -2.0000000e+02  -3.0000000e+01   1.0000000e+00   1.0555287e+02   1.9701956e+02   1.0566526e+02   1.9486397e+02
   0.0000000e+00  -2.0000000e+02  -3.0000000e+01   1.0000000e+00   1.0568792e+02   1.9662148e+02   1.0602178e+02   1.9382827e+02
   5.0000000e+01  -2.0000000e+02  -3.0000000e+01   1.0000000e+00   1.0555287e+02   1.9701956e+02   1.0566526e+02   1.9486397e+02
   1.0000000e+02  -2.0000000e+02  -3.0000000e+01   1.0000000e+00   1.0516952e+02   1.9786104e+02   1.0494932e+02   1.9746992e+02
   1.5000000e+02  -2.0000000e+02  -3.0000000e+01   1.0000000e+00   1.0485043e+02   1.9859436e+02   1.0444881e+02   2.0014014e+02
   2.0000000e+02  -2.0000000e+02  -3.0000000e+01   1.0000000e+00   1.0477954e+02   1.9903586e+02   1.0438512e+02   2.0094391e+02
   2.5000000e+02  -2.0000000e+02  -3.0000000e+01   1.0000000e+00   1.0483418e+02   1.9922554e+02   1.0475239e+02   2.0091140e+02
  -2.5000000e+02  -1.5000000e+02  -3.0000000e+01   1.0000000e+00   1.0477295e+02   1.9910245e+02   1.0440706e+02   2.0096838e+02
  -2.0000000e+02  -1.5000000e+02  -3.0000000e+01   1.0000000e+00   1.0485054e+02   1.9859448e+02   1.0419672e+02   1.9961238e+02
  -1.5000000e+02  -1.5000000e+02  -3.0000000e+01   1.0000000e+00   1.0560034e+02   1.9768725e+02   1.0542996e+02   1.9560965e+02
  -1.0000000e+02  -1.5000000e+02  -3.0000000e+01   1.0000000e+00   1.0729953e+02   1.9652396e+02   1.0837991e+02   1.8973673e+02
  -5.0000000e+01  -1.5000000e+02  -3.0000000e+01   1.0000000e+00   1.0940887e+02   1.9498943e+02   1.1196227e+02   1.8514768e+02
   0.0000000e+00  -1.5000000e+02  -3.0000000e+01   1.0000000e+00   1.1023202e+02   1.9410735e+02   1.1365999e+02   1.8332359e+02
   5.0000000e+01  -1.5000000e+02  -3.0000000e+01   1.0000000e+00   1.0940887e+02   1.9498943e+02   1.1196227e+02   1.8514768e+02
   1.0000000e+02  -1.5000000e+02  -3.0000000e+01   1.0000000e+00   1.0729953e+02   1.9652396e+02   1.0837991e+02   1.8973673e+02
   1.5000000e+02  -1.5000000e+02  -3.0000000e+01   1.0000000e+00   1.0560034e+02   1.9768725e+02   1.0542996e+02   1.9560965e+02
   2.0000000e+02  -1.5000000e+02  -3.0000000e+01   1.0000000e+00   1.0485054e+02   1.9859448e+02   1.0419672e+02   1.9961238e+02
   2.5000000e+02  -1.5000000e+02  -3.0000000e+01   1.0000000e+00   1.0477295e+02   1.9910245e+02   1.0440706e+02   2.0096838e+02
  -2.5000000e+02  -1.0000000e+02  -3.0000000e+01   1.0000000e+00   1.0471443e+02   1.9888771e+02   1.0402666e+02   2.0020347e+02
  -2.0000000e+02  -1.0000000e+02  -3.0000000e+01   1.0000000e+00   1.0516987e+02   1.9786157e+02   1.0425400e+02   1.9627495e+02
  -1.5000000e+02  -1.0000000e+02  -3.0000000e+01   1.0000000e+00   1.0729846e+02   1.9652473e+02   1.0762281e+02   1.8872301e+02
  -1.0000000e+02  -1.0000000e+02  -3.0000000e+01   1.0000000e+00   1.1020056e+02   1.9519708e+02   1.1428563e+02   1.8179406e+02
  -5.0000000e+01  -1.0000000e+02  -3.0000000e+01   1.0000000e+00   1.1429420e+02   1.9272346e+02   1.2246514e+02   1.7826591e+02
   0.0000000e+00  -1.0000000e+02  -3.0000000e+01   1.0000000e+00   1.1598796e+02   1.9115513e+02   1.2645318e+02   1.7681724e+02
   5.0000000e+01  -1.0000000e+02  -3.0000000e+01   1.0000000e+00   1.1429420e+02   1.9272346e+02   1.2246514e+02   1.7826591e+02
   1.0000000e+02  -1.0000000e+02  -3.0000000e+01   1.0000000e+00   1.1020056e+02   1.9519708e+02   1.1428563e+02   1.8179406e+02
   1.5000000e+02  -1.0000000e+02  -3.0000000e+01   1.0000000e+00   1.0729846e+02   1.9652473e+02   1.0762281e+02   1.8872301e+02
   2.0000000e+02  -1.0000000e+02  -3.0000000e+01   1.0000000e+00   1.0516987e+02   1.9786157e+02   1.0425400e+02   1.9627495e+02
   2.5000000e+02  -1.0000000e+02  -3.0000000e+01   1.0000000e+00   1.0471443e+02   1.9888771e+02   1.0402666e+02   2.0020347e+02
  -2.5000000e+02  -5.0000000e+01  -3.0000000e+01   1.0000000e+00   1.0466215e+02   1.9865602e+02   1.0370605e+02   1.9932781e+02
  -2.0000000e+02  -5.0000000e+01  -3.0000000e+01   1.0000000e+00   1.0555362e+02   1.9702031e+02   1.0444554e+02   1.9303242e+02
  -1.5000000e+02  -5.0000000e+01  -3.0000000e+01   1.0000000e+00   1.0940850e+02   1.9499003e+02   1.1005845e+02   1.8297821e+02
  -1.0000000e+02  -5.0000000e+01  -3.0000000e+01   1.0000000e+00   1.1430401e+02   1.9272145e+02   1.2118857e+02   1.7692937e+02
  -5.0000000e+01  -5.0000000e+01  -3.0000000e+01   1.0000000e+00   1.2155998e+02   1.8744311e+02   1.3605213e+02   1.7631174e+02
   0.0000000e+00  -5.0000000e+01  -3.0000000e+01   1.0000000e+00   1.2416156e+02   1.8435421e+02   1.4372780e+02   1.7586340e+02
   5.0000000e+01  -5.0000000e+01  -3.0000000e+01   1.0000000e+00   1.2155998e+02   1.8744311e+02   1.3605213e+02   1.7631174e+02
   1.0000000e+02  -5.0000000e+01  -3.0000000e+01   1.0000000e+00   1.1430401e+02   1.9272145e+02   1.2118857e+02   1.7692937e+02
   1.5000000e+02  -5.0000000e+01  -3.0000000e+01   1.0000000e+00   1.0940850e+02   1.9499003e+02   1.1005845e+02   1.8297821e+02
   2.0000000e+02  -5.0000000e+01  -3.0000000e+01   1.0000000e+00   1.0555362e+02   1.9702031e+02   1.0444554e+02   1.9303242e+02
   2.5000000e+02  -5.0000000e+01  -3.0000000e+01   1.0000000e+00   1.0466215e+02   1.9865602e+02   1.0370605e+02   1.9932781e+02
  -2.5000000e+02   0.0000000e+00  -3.0000000e+01   1.0000000e+00   1.0463563e+02   1.9855366e+02   1.0358120e+02   1.9895707e+02
  -2.0000000e+02   0.0000000e+00  -3.0000000e+01   1.0000000e+00   1.0568881e+02   1.9662222e+02   1.0454655e+02   1.9172312e+02
  -1.5000000e+02   0.0000000e+00  -3.0000000e+01   1.0000000e+00   1.1023213e+02   1.9410728e+02   1.1114207e+02   1.8062453e+02
  -1.0000000e+02   0.0000000e+00  -3.0000000e+01   1.0000000e+00   1.1600145e+02   1.9115012e+02   1.2454766e+02   1.7468166e+02
  -5.0000000e+01   0.0000000e+00  -3.0000000e+01   1.0000000e+00   1.2416555e+02   1.8435047e+02   1.4324864e+02   1.7448749e+02
   0.0000000e+00   0.0000000e+00  -3.0000000e+01   1.0000000e+00   1.2698479e+02   1.8046768e+02   1.5320569e+02   1.7403443e+02
   5.0000000e+01   0.0000000e+00  -3.0000000e+01   1.0000000e+00   1.2416555e+02   1.8435047e+02   1.4324864e+02   1.7448749e+02
   1.0000000e+02   0.0000000e+00  -3.0000000e+01   1.0000000e+00   1.1600145e+02   1.9115012e+02   1.2454766e+02   1.7468166e+02
   1.5000000e+02   0.0000000e+00  -3.0000000e+01   1.0000000e+00   1.1023213e+02   1.9410728e+02   1.1114207e+02   1.8062453e+02
   2.0000000e+02   0.0000000e+00  -3.0000000e+01   1.0000000e+00   1.0568881e+02   1.9662222e+02   1.0454655e+02   1.9172312e+02
   2.5000000e+02   0.0000000e+00  -3.0000000e+01   1.0000000e+00   1.0463563e+02   1.9855366e+02   1.0358120e+02   1.9895707e+02
  -2.5000000e+02   5.0000000e+01  -3.0000000e+01   1.0000000e+00   1.0466217e+02   1.9865607e+02   1.0370717e+02   1.9932568e+02
  -2.0000000e+02   5.0000000e+01  -3.0000000e+01   1.0000000e+00   1.0555358e+02   1.9702046e+02   1.0445107e+02   1.9302560e+02
  -1.5000000e+02   5.0000000e+01  -3.0000000e+01   1.0000000e+00   1.0940851e+02   1.9499028e+02   1.1007839e+02   1.8293975e+02
  -1.0000000e+02   5.0000000e+01  -3.0000000e+01   1.0000000e+00   1.1430454e+02   1.9272177e+02   1.2123610e+02   1.7688190e+02
  -5.0000000e+01   5.0000000e+01  -3.0000000e+01   1.0000000e+00   1.2156127e+02   1.8744331e+02   1.3612358e+02   1.7623536e+02
   0.0000000e+00   5.0000000e+01  -3.0000000e+01   1.0000000e+00   1.2416292e+02   1.8435439e+02   1.4381855e+02   1.7574449e+02
   5.0000000e+01   5.0000000e+01  -3.0000000e+01   1.0000000e+00   1.2156127e+02   1.8744331e+02   1.3612358e+02   1.7623536e+02
   1.0000000e+02   5.0000000e+01  -3.0000000e+01   1.0000000e+00   1.1430454e+02   1.9272177e+02   1.2123610e+02   1.7688190e+02
   1.5000000e+02   5.0000000e+01  -3.0000000e+01   1.0000000e+00   1.0940851e+02   1.9499028e+02   1.1007839e+02   1.8293975e+02
   2.0000000e+02   5.0000000e+01  -3.0000000e+01   1.0000000e+00   1.0555358e+02   1.9702046e+02   1.0445107e+02   1.9302560e+02
   2.5000000e+02   5.0000000e+01  -3.0000000e+01   1.0000000e+00   1.0466217e+02   1.9865607e+02   1.0370717e+02   1.9932568e+02
  -2.5000000e+02   1.0000000e+02  -3.0000000e+01   1.0000000e+00   1.0471444e+02   1.9888779e+02   1.0403074e+02   2.0020587e+02
  -2.0000000e+02   1.0000000e+02  -3.0000000e+01   1.0000000e+00   1.0516980e+02   1.9786176e+02   1.0426568e+02   1.9627401e+02
  -1.5000000e+02   1.0000000e+02  -3.0000000e+01   1.0000000e+00   1.0729851e+02   1.9652501e+02   1.0765718e+02   1.8868450e+02
  -1.0000000e+02   1.0000000e+02  -3.0000000e+01   1.0000000e+00   1.1020207e+02   1.9519766e+02   1.1439262e+02   1.8183208e+02
  -5.0000000e+01   1.0000000e+02  -3.0000000e+01   1.0000000e+00   1.1429790e+02   1.9272397e+02   1.2264977e+02   1.7839308e+02
   0.0000000e+00   1.0000000e+02  -3.0000000e+01   1.0000000e+00   1.1599190e+02   1.9115551e+02   1.2666799e+02   1.7695951e+02
   5.0000000e+01   1.0000000e+02  -3.0000000e+01   1.0000000e+00   1.1429790e+02   1.9272397e+02   1.2264977e+02   1.7839308e+02
   1.0000000e+02   1.0000000e+02  -3.0000000e+01   1.0000000e+00   1.1020207e+02   1.9519766e+02   1.1439262e+02   1.8183208e+02
   1.5000000e+02   1.0000000e+02  -3.0000000e+01   1.0000000e+00   1.0729851e+02   1.9652501e+02   1.0765718e+02   1.8868450e+02
   2.0000000e+02   1.0000000e+02  -3.0000000e+01   1.0000000e+00   1.0516980e+02   1.9786176e+02   1.0426568e+02   1.9627401e+02
   2.5000000e+02   1.0000000e+02  -3.0000000e+01   1.0000000e+00   1.0471444e+02   1.9888779e+02   1.0403074e+02   2.0020587e+02
  -2.5000000e+02   1.5000000e+02  -3.0000000e+01   1.0000000e+00   1.0477297e+02   1.9910250e+02   1.0441541e+02   2.0098470e+02
  -2.0000000e+02   1.5000000e+02  -3.0000000e+01   1.0000000e+00   1.0485053e+02   1.9859463e+02   1.0421553e+02   1.9964290e+02
  -1.5000000e+02   1.5000000e+02  -3.0000000e+01   1.0000000e+00   1.0560033e+02   1.9768749e+02   1.0546062e+02   1.9560767e+02
  -1.0000000e+02   1.5000000e+02  -3.0000000e+01   1.0000000e+00   1.0729997e+02   1.9652434e+02   1.0844765e+02   1.8973442e+02
  -5.0000000e+01   1.5000000e+02  -3.0000000e+01   1.0000000e+00   1.0941004e+02   1.9498982e+02   1.1207225e+02   1.8517776e+02
   0.0000000e+00   1.5000000e+02  -3.0000000e+01   1.0000000e+00   1.1023324e+02   1.9410771e+02   1.1378556e+02   1.8336331e+02
   5.0000000e+01   1.5000000e+02  -3.0000000e+01   1.0000000e+00   1.0941004e+02   1.9498982e+02   1.1207225e+02   1.8517776e+02
   1.0000000e+02   1.5000000e+02  -3.0000000e+01   1.0000000e+00   1.0729997e+02   1.9652434e+02   1.0844765e+02   1.8973442e+02
   1.5000000e+02   1.5000000e+02  -3.0000000e+01   1.0000000e+00   1.0560033e+02   1.9768749e+02   1.0546062e+02   1.9560767e+02
   2.0000000e+02   1.5000000e+02  -3.0000000e+01   1.0000000e+00   1.0485053e+02   1.9859463e+02   1.0421553e+02   1.9964290e+02
   2.5000000e+02   1.5000000e+02  -3.0000000e+01   1.0000000e+00   1.0477297e+02   1.9910250e+02   1.0441541e+02   2.0098470e+02
  -2.5000000e+02   2.0000000e+02  -3.0000000e+01   1.0000000e+00   1.0483421e+02   1.9922557e+02   1.0476122e+02   2.0094378e+02
  -2.0000000e+02   2.0000000e+02  -3.0000000e+01   1.0000000e+00   1.0477957e+02   1.9903594e+02   1.0440381e+02   2.0100204e+02
  -1.5000000e+02   2.0000000e+02  -3.0000000e+01   1.0000000e+00   1.0485047e+02   1.9859452e+02   1.0447511e+02   2.0020422e+02
  -1.0000000e+02   2.0000000e+02  -3.0000000e+01   1.0000000e+00   1.0516964e+02   1.9786131e+02   1.0498271e+02   1.9751680e+02
  -5.0000000e+01   2.0000000e+02  -3.0000000e+01   1.0000000e+00   1.0555311e+02   1.9701991e+02   1.0570756e+02   1.9489445e+02
   0.0000000e+00   2.0000000e+02  -3.0000000e+01   1.0000000e+00   1.0568818e+02   1.9662187e+02   1.0606831e+02   1.9385427e+02
   5.0000000e+01   2.0000000e+02  -3.0000000e+01   1.0000000e+00   1.0555311e+02   1.9701991e+02   1.0570756e+02   1.9489445e+02
   1.0000000e+02   2.0000000e+02  -3.0000000e+01   1.0000000e+00   1.0516964e+02   1.9786131e+02   1.0498271e+02   1.9751680e+02
   1.5000000e+02   2.0000000e+02  -3.0000000e+01   1.0000000e+00   1.0485047e+02   1.9859452e+02   1.0447511e+02   2.0020422e+02
   2.0000000e+02   2.0000000e+02  -3.0000000e+01   1.0000000e+00   1.0477957e+02   1.9903594e+02   1.0440381e+02   2.0100204e+02
   2.5000000e+02   2.0000000e+02  -3.0000000e+01   1.0000000e+00   1.0483421e+02   1.9922557e+02   1.0476122e+02   2.0094378e+02
  -2.5000000e+02   2.5000000e+02  -3.0000000e+01   1.0000000e+00   1.0488123e+02   1.9927188e+02   1.0511885e+02   2.0082091e+02
  -2.0000000e+02   2.5000000e+02  -3.0000000e+01   1.0000000e+00   1.0483420e+02   1.9922558e+02   1.0487569e+02   2.0122599e+02
  -1.5000000e+02   2.5000000e+02  -3.0000000e+01   1.0000000e+00   1.0477293e+02   1.9910254e+02   1.0469821e+02   2.0169717e+02
  -1.0000000e+02   2.5000000e+02  -3.0000000e+01   1.0000000e+00   1.0471430e+02   1.9888787e+02   1.0452456e+02   2.0134285e+02
  -5.0000000e+01   2.5000000e+02  -3.0000000e+01   1.0000000e+00   1.0466191e+02   1.9865628e+02   1.0440204e+02   2.0078269e+02
   0.0000000e+00   2.5000000e+02  -3.0000000e+01   1.0000000e+00   1.0463534e+02   1.9855396e+02   1.0436447e+02   2.0054283e+02
   5.0000000e+01   2.5000000e+02  -3.0000000e+01   1.0000000e+00   1.0466191e+02   1.9865628e+02   1.0440204e+02   2.0078269e+02
   1.0000000e+02   2.5000000e+02  -3.0000000e+01   1.0000000e+00   1.0471430e+02   1.9888787e+02   1.0452456e+02   2.0134285e+02
   1.5000000e+02   2.5000000e+02  -3.0000000e+01   1.0000000e+00   1.0477293e+02   1.9910254e+02   1.0469821e+02   2.0169717e+02
   2.0000000e+02   2.5000000e+02  -3.0000000e+01   1.0000000e+00   1.0483420e+02   1.9922558e+02   1.0487569e+02   2.0122599e+02
   2.5000000e+02   2.5000000e+02  -3.0000000e+01   1.0000000e+00   1.0488123e+02   1.9927188e+02   1.0511885e+02   2.0082091e+02
  -2.5000000e+02  -2.5000000e+02  -3.0000000e+01   2.0000000e+00   2.0986636e+01   8.6771713e+01   2.1167556e+01   8.7199124e+01
  -2.0000000e+02  -2.5000000e+02  -3.0000000e+01   2.0000000e+00   2.1229188e+01   8.6867393e+01   2.1492950e+01   8.7470816e+01
  -1.5000000e+02  -2.5000000e+02  -3.0000000e+01   2.0000000e+00   2.1563358e+01   8.7060179e+01   2.1905525e+01   8.7936262e+01
  -1.0000000e+02  -2.5000000e+02  -3.0000000e+01   2.0000000e+00   2.1966363e+01   8.7351726e+01   2.2342303e+01   8.8321020e+01
  -5.0000000e+01  -2.5000000e+02  -3.0000000e+01   2.0000000e+00   2.2331795e+01   8.7647429e+01   2.2690835e+01   8.8615125e+01
   0.0000000e+00  -2.5000000e+02  -3.0000000e+01   2.0000000e+00   2.2484458e+01   8.7775547e+01   2.2826402e+01   8.8735416e+01
   5.0000000e+01  -2.5000000e+02  -3.0000000e+01   2.0000000e+00   2.2331795e+01   8.7647429e+01   2.2690835e+01   8.8615125e+01
   1.0000000e+02  -2.5000000e+02  -3.0000000e+01   2.0000000e+00   2.1966363e+01   8.7351726e+01   2.2342303e+01   8.8321020e+01
   1.5000000e+02  -2.5000000e+02  -3.0000000e+01   2.0000000e+00   2.1563358e+01   8.7060179e+01   2.1905525e+01   8.7936262e+01
   2.0000000e+02  -2.5000000e+02  -3.0000000e+01   2.0000000e+00   2.1229188e+01   8.6867393e+01   2.1492950e+01   8.7470816e+01
   2.5000000e+02  -2.5000000e+02  -3.0000000e+01   2.0000000e+00   2.0986636e+01   8.6771713e+01   2.1167556e+01   8.7199124e+01
  -2.5000000e+02  -2.0000000e+02  -3.0000000e+01   2.0000000e+00   2.1228303e+01   8.6866932e+01   2.1480560e+01   8.7373030e+01
  -2.0000000e+02  -2.0000000e+02  -3.0000000e+01   2.0000000e+00   2.1644546e+01   8.7128902e+01   2.2034915e+01   8.7883513e+01
  -1.5000000e+02  -2.0000000e+02  -3.0000000e+01   2.0000000e+00   2.2232790e+01   8.7643009e+01   2.2769518e+01   8.8634205e+01
  -1.0000000e+02  -2.0000000e+02  -3.0000000e+01   2.0000000e+00   2.2995590e+01   8.8463910e+01   2.3589151e+01   8.9283085e+01
  -5.0000000e+01  -2.0000000e+02  -3.0000000e+01   2.0000000e+00   2.3765818e+01   8.9366327e+01   2.4280162e+01   8.9887076e+01
   0.0000000e+00  -2.0000000e+02  -3.0000000e+01   2.0000000e+00   2.4109701e+01   8.9770607e+01   2.4559096e+01   9.0164701e+01
   5.0000000e+01  -2.0000000e+02  -3.0000000e+01   2.0000000e+00   2.3765818e+01   8.9366327e+01   2.4280162e+01   8.9887076e+01
   1.0000000e+02  -2.0000000e+02  -3.0000000e+01   2.0000000e+00   2.2995590e+01   8.8463910e+01   2.3589151e+01   8.9283085e+01
   1.5000000e+02  -2.0000000e+02  -3.0000000e+01   2.0000000e+00   2.2232790e+01   8.7643009e+01   2.2769518e+01   8.8634205e+01
   2.0000000e+02  -2.0000000e+02  -3.0000000e+01   2.0000000e+00   2.1644546e+01   8.7128902e+01   2.2034915e+01   8.7883513e+01
   2.5000000e+02  -2.0000000e+02  -3.0000000e+01   2.0000000e+00   2.1228303e+01   8.6866932e+01   2.1480560e+01   8.7373030e+01
  -2.5000000e+02  -1.5000000e+02  -3.0000000e+01   2.0000000e+00   2.1560419e+01   8.7058039e+01   2.1870405e+01   8.7687653e+01
  -2.0000000e+02  -1.5000000e+02  -3.0000000e+01   2.0000000e+00   2.2230592e+01   8.7640457e+01   2.2734854e+01   8.8417828e+01
  -1.5000000e+02  -1.5000000e+02  -3.0000000e+01   2.0000000e+00   2.3147109e+01   8.8731296e+01   2.3924736e+01   8.9427026e+01
  -1.0000000e+02  -1.5000000e+02  -3.0000000e+01   2.0000000e+00   2.4350589e+01   9.0443960e+01   2.5307342e+01   9.0780381e+01
  -5.0000000e+01  -1.5000000e+02  -3.0000000e+01   2.0000000e+00   2.5781852e+01   9.2583049e+01   2.6537310e+01   9.2438319e+01
   0.0000000e+00  -1.5000000e+02  -3.0000000e+01   2.0000000e+00   2.6494829e+01   9.3599750e+01   2.7056872e+01   9.3230145e+01
   5.0000000e+01  -1.5000000e+02  -3.0000000e+01   2.0000000e+00   2.5781852e+01   9.2583049e+01   2.6537310e+01   9.2438319e+01
   1.0000000e+02  -1.5000000e+02  -3.0000000e+01   2.0000000e+00   2.4350589e+01   9.0443960e+01   2.5307342e+01   9.0780381e+01
   1.5000000e+02  -1.5000000e+02  -3.0000000e+01   2.0000000e+00   2.3147109e+01   8.8731296e+01   2.3924736e+01   8.9427026e+01
   2.0000000e+02  -1.5000000e+02  -3.0000000e+01   2.0000000e+00   2.2230592e+01   8.7640457e+01   2.2734854e+01   8.8417828e+01
   2.5000000e+02  -1.5000000e+02  -3.0000000e+01   2.0000000e+00   2.1560419e+01   8.7058039e+01   2.1870405e+01   8.7687653e+01
  -2.5000000e+02  -1.0000000e+02  -3.0000000e+01   2.0000000e+00   2.1959164e+01   8.7345382e+01   2.2275869e+01   8.7900345e+01
  -2.0000000e+02  -1.0000000e+02  -3.0000000e+01   2.0000000e+00   2.2988001e+01   8.8453186e+01   2.3496996e+01   8.8739929e+01
  -1.5000000e+02  -1.0000000e+02  -3.0000000e+01   2.0000000e+00   2.4348179e+01   9.0438810e+01   2.5232951e+01   9.0274704e+01
  -1.0000000e+02  -1.0000000e+02  -3.0000000e+01   2.0000000e+00   2.6082710e+01   9.3041762e+01   2.7265766e+01   9.3297531e+01
  -5.0000000e+01  -1.0000000e+02  -3.0000000e+01   2.0000000e+00   2.8866886e+01   9.7200228e+01   2.9141404e+01   9.7394638e+01
   0.0000000e+00  -1.0000000e+02  -3.0000000e+01   2.0000000e+00   3.0478969e+01   9.9400657e+01   2.9976506e+01   9.9390811e+01
   5.0000000e+01  -1.0000000e+02  -3.0000000e+01   2.0000000e+00   2.8866886e+01   9.7200228e+01   2.9141404e+01   9.7394638e+01
   1.0000000e+02  -1.0000000e+02  -3.0000000e+01   2.0000000e+00   2.6082710e+01   9.3041762e+01   2.7265766e+01   9.3297531e+01
   1.5000000e+02  -1.0000000e+02  -3.0000000e+01   2.0000000e+00   2.4348179e+01   9.0438810e+01   2.5232951e+01   9.0274704e+01
   2.0000000e+02  -1.0000000e+02  -3.0000000e+01   2.0000000e+00   2.2988001e+01   8.8453186e+01   2.3496996e+01   8.8739929e+01
   2.5000000e+02  -1.0000000e+02  -3.0000000e+01   2.0000000e+00   2.1959164e+01   8.7345382e+01   2.2275869e+01   8.7900345e+01
  -2.5000000e+02  -5.0000000e+01  -3.0000000e+01   2.0000000e+00   2.2317690e+01   8.7634087e+01   2.2595219e+01   8.8047525e+01
  -2.0000000e+02  -5.0000000e+01  -3.0000000e+01   2.0000000e+00   2.3745958e+01   8.9337531e+01   2.4131527e+01   8.9007822e+01
  -1.5000000e+02  -5.0000000e+01  -3.0000000e+01   2.0000000e+00   2.5764312e+01   9.2550871e+01   2.6399642e+01   9.1351574e+01
  -1.0000000e+02  -5.0000000e+01  -3.0000000e+01   2.0000000e+00   2.8842387e+01   9.7169373e+01   2.9174380e+01   9.6948405e+01
  -5.0000000e+01  -5.0000000e+01  -3.0000000e+01   2.0000000e+00   3.5129344e+01   1.0599214e+02   3.1973048e+01   1.0514042e+02
   0.0000000e+00  -5.0000000e+01  -3.0000000e+01   2.0000000e+00   3.8968094e+01   1.1067515e+02   3.3339434e+01   1.0937627e+02
   5.0000000e+01  -5.0000000e+01  -3.0000000e+01   2.0000000e+00   3.5129344e+01   1.0599214e+02   3.1973048e+01   1.0514042e+02
   1.0000000e+02  -5.0000000e+01  -3.0000000e+01   2.0000000e+00   2.8842387e+01   9.7169373e+01   2.9174380e+01   9.6948405e+01
   1.5000000e+02  -5.0000000e+01  -3.0000000e+01   2.0000000e+00   2.5764312e+01   9.2550871e+01   2.6399642e+01   9.1351574e+01
   2.0000000e+02  -5.0000000e+01  -3.0000000e+01   2.0000000e+00   2.3745958e+01   8.9337531e+01   2.4131527e+01   8.9007822e+01
   2.5000000e+02  -5.0000000e+01  -3.0000000e+01   2.0000000e+00   2.2317690e+01   8.7634087e+01   2.2595219e+01   8.8047525e+01
  -2.5000000e+02   0.0000000e+00  -3.0000000e+01   2.0000000e+00   2.2463384e+01   8.7755710e+01   2.2716253e+01   8.8105568e+01
  -2.0000000e+02   0.0000000e+00  -3.0000000e+01   2.0000000e+00   2.4074716e+01   8.9722420e+01   2.4381818e+01   8.9136887e+01
  -1.5000000e+02   0.0000000e+00  -3.0000000e+01   2.0000000e+00   2.6447969e+01   9.3523888e+01   2.6890402e+01   9.1881275e+01
  -1.0000000e+02   0.0000000e+00  -3.0000000e+01   2.0000000e+00   3.0386263e+01   9.9277720e+01   3.0075609e+01   9.8812574e+01
  -5.0000000e+01   0.0000000e+00  -3.0000000e+01   2.0000000e+00   3.8821809e+01   1.1049339e+02   3.3500424e+01   1.0932075e+02
   0.0000000e+00   0.0000000e+00  -3.0000000e+01   2.0000000e+00   4.4045720e+01   1.1650717e+02   3.5255332e+01   1.1493632e+02
   5.0000000e+01   0.0000000e+00  -3.0000000e+01   2.0000000e+00   3.8821809e+01   1.1049339e+02   3.3500424e+01   1.0932075e+02
   1.0000000e+02   0.0000000e+00  -3.0000000e+01   2.0000000e+00   3.0386263e+01   9.9277720e+01   3.0075609e+01   9.8812574e+01
   1.5000000e+02   0.0000000e+00  -3.0000000e+01   2.0000000e+00   2.6447969e+01   9.3523888e+01   2.6890402e+01   9.1881275e+01
   2.0000000e+02   0.0000000e+00  -3.0000000e+01   2.0000000e+00   2.4074716e+01   8.9722420e+01   2.4381818e+01   8.9136887e+01
   2.5000000e+02   0.0000000e+00  -3.0000000e+01   2.0000000e+00   2.2463384e+01   8.7755710e+01   2.2716253e+01   8.8105568e+01
  -2.5000000e+02   5.0000000e+01  -3.0000000e+01   2.0000000e+00   2.2307995e+01   8.7626056e+01   2.2587267e+01   8.8045434e+01
  -2.0000000e+02   5.0000000e+01  -3.0000000e+01   2.0000000e+00   2.3724480e+01   8.9312284e+01   2.4115602e+01   8.9005006e+01
  -1.5000000e+02   5.0000000e+01  -3.0000000e+01   2.0000000e+00   2.5720925e+01   9.2487592e+01   2.6369554e+01   9.1317663e+01
  -1.0000000e+02   5.0000000e+01  -3.0000000e+01   2.0000000e+00   2.8747418e+01   9.7032742e+01   2.9124853e+01   9.6843662e+01
  -5.0000000e+01   5.0000000e+01  -3.0000000e+01   2.0000000e+00   3.4903948e+01   1.0569636e+02   3.1896292e+01   1.0491816e+02
   0.0000000e+00   5.0000000e+01  -3.0000000e+01   2.0000000e+00   3.8659485e+01   1.1029363e+02   3.3245225e+01   1.0907834e+02
   5.0000000e+01   5.0000000e+01  -3.0000000e+01   2.0000000e+00   3.4903948e+01   1.0569636e+02   3.1896292e+01   1.0491816e+02
   1.0000000e+02   5.0000000e+01  -3.0000000e+01   2.0000000e+00   2.8747418e+01   9.7032742e+01   2.9124853e+01   9.6843662e+01
   1.5000000e+02   5.0000000e+01  -3.0000000e+01   2.0000000e+00   2.5720925e+01   9.2487592e+01   2.6369554e+01   9.1317663e+01
   2.0000000e+02   5.0000000e+01  -3.0000000e+01   2.0000000e+00   2.3724480e+01   8.9312284e+01   2.4115602e+01   8.9005006e+01
   2.5000000e+02   5.0000000e+01  -3.0000000e+01   2.0000000e+00   2.2307995e+01   8.7626056e+01   2.2587267e+01   8.8045434e+01
  -2.5000000e+02   1.0000000e+02  -3.0000000e+01   2.0000000e+00   2.1945310e+01   8.7334667e+01   2.2262926e+01   8.7897269e+01
  -2.0000000e+02   1.0000000e+02  -3.0000000e+01   2.0000000e+00   2.2960252e+01   8.8421573e+01   2.3472357e+01   8.8737199e+01
  -1.5000000e+02   1.0000000e+02  -3.0000000e+01   2.0000000e+00   2.4301215e+01   9.0369043e+01   2.5189789e+01   9.0235376e+01
  -1.0000000e+02   1.0000000e+02  -3.0000000e+01   2.0000000e+00   2.6007117e+01   9.2929843e+01   2.7204725e+01   9.3211805e+01
  -5.0000000e+01   1.0000000e+02  -3.0000000e+01   2.0000000e+00   2.8713200e+01   9.6979983e+01   2.9064028e+01   9.7238812e+01
   0.0000000e+00   1.0000000e+02  -3.0000000e+01   2.0000000e+00   3.0273994e+01   9.9118742e+01   2.9889596e+01   9.9191675e+01
   5.0000000e+01   1.0000000e+02  -3.0000000e+01   2.0000000e+00   2.8713200e+01   9.6979983e+01   2.9064028e+01   9.7238812e+01
   1.0000000e+02   1.0000000e+02  -3.0000000e+01   2.0000000e+00   2.6007117e+01   9.2929843e+01   2.7204725e+01   9.3211805e+01
   1.5000000e+02   1.0000000e+02  -3.0000000e+01   2.0000000e+00   2.4301215e+01   9.0369043e+01   2.5189789e+01   9.0235376e+01
   2.0000000e+02   1.0000000e+02  -3.0000000e+01   2.0000000e+00   2.2960252e+01   8.8421573e+01   2.3472357e+01   8.8737199e+01
   2.5000000e+02   1.0000000e+02  -3.0000000e+01   2.0000000e+00   2.1945310e+01   8.7334667e+01   2.2262926e+01   8.7897269e+01
  -2.5000000e+02   1.5000000e+02  -3.0000000e+01   2.0000000e+00   2.1547674e+01   8.7049732e+01   2.1856230e+01   8.7684462e+01
  -2.0000000e+02   1.5000000e+02  -3.0000000e+01   2.0000000e+00   2.2207568e+01   8.7617945e+01   2.2709367e+01   8.8418340e+01
  -1.5000000e+02   1.5000000e+02  -3.0000000e+01   2.0000000e+00   2.3111874e+01   8.8684813e+01   2.3881445e+01   8.9405280e+01
  -1.0000000e+02   1.5000000e+02  -3.0000000e+01   2.0000000e+00   2.4301195e+01   9.0366915e+01   2.5244226e+01   9.0715407e+01
  -5.0000000e+01   1.5000000e+02  -3.0000000e+01   2.0000000e+00   2.5705579e+01   9.2456215e+01   2.6455899e+01   9.2324219e+01
   0.0000000e+00   1.5000000e+02  -3.0000000e+01   2.0000000e+00   2.6401704e+01   9.3445977e+01   2.6966733e+01   9.3089826e+01
   5.0000000e+01   1.5000000e+02  -3.0000000e+01   2.0000000e+00   2.5705579e+01   9.2456215e+01   2.6455899e+01   9.2324219e+01
   1.0000000e+02   1.5000000e+02  -3.0000000e+01   2.0000000e+00   2.4301195e+01   9.0366915e+01   2.5244226e+01   9.0715407e+01
   1.5000000e+02   1.5000000e+02  -3.0000000e+01   2.0000000e+00   2.3111874e+01   8.8684813e+01   2.3881445e+01   8.9405280e+01
   2.0000000e+02   1.5000000e+02  -3.0000000e+01   2.0000000e+00   2.2207568e+01   8.7617945e+01   2.2709367e+01   8.8418340e+01
   2.5000000e+02   1.5000000e+02  -3.0000000e+01   2.0000000e+00   2.1547674e+01   8.7049732e+01   2.1856230e+01   8.7684462e+01
  -2.5000000e+02   2.0000000e+02  -3.0000000e+01   2.0000000e+00   2.1218583e+01   8.6862262e+01   2.1468085e+01   8.7371621e+01
  -2.0000000e+02   2.0000000e+02  -3.0000000e+01   2.0000000e+00   2.1627705e+01   8.7116403e+01   2.2013540e+01   8.7884499e+01
  -1.5000000e+02   2.0000000e+02  -3.0000000e+01   2.0000000e+00   2.2205870e+01   8.7615531e+01   2.2734884e+01   8.8634375e+01
  -1.0000000e+02   2.0000000e+02  -3.0000000e+01   2.0000000e+00   2.2954161e+01   8.8411232e+01   2.3538300e+01   8.9272660e+01
  -5.0000000e+01   2.0000000e+02  -3.0000000e+01   2.0000000e+00   2.3706525e+01   8.9283032e+01   2.4214540e+01   8.9858640e+01
   0.0000000e+00   2.0000000e+02  -3.0000000e+01   2.0000000e+00   2.4041507e+01   8.9673060e+01   2.4487140e+01   9.0126976e+01
   5.0000000e+01   2.0000000e+02  -3.0000000e+01   2.0000000e+00   2.3706525e+01   8.9283032e+01   2.4214540e+01   8.9858640e+01
   1.0000000e+02   2.0000000e+02  -3.0000000e+01   2.0000000e+00   2.2954161e+01   8.8411232e+01   2.3538300e+01   8.9272660e+01
   1.5000000e+02   2.0000000e+02  -3.0000000e+01   2.0000000e+00   2.2205870e+01   8.7615531e+01   2.2734884e+01   8.8634375e+01
   2.0000000e+02   2.0000000e+02  -3.0000000e+01   2.0000000e+00   2.1627705e+01   8.7116403e+01   2.2013540e+01   8.7884499e+01
   2.5000000e+02   2.0000000e+02  -3.0000000e+01   2.0000000e+00   2.1218583e+01   8.6862262e+01   2.1468085e+01   8.7371621e+01
  -2.5000000e+02   2.5000000e+02  -3.0000000e+01   2.0000000e+00   2.0979908e+01   8.6769778e+01   2.1157280e+01   8.7194905e+01
  -2.0000000e+02   2.5000000e+02  -3.0000000e+01   2.0000000e+00   2.1217740e+01   8.6861742e+01   2.1476455e+01   8.7470286e+01
  -1.5000000e+02   2.5000000e+02  -3.0000000e+01   2.0000000e+00   2.1544934e+01   8.7047412e+01   2.1880470e+01   8.7934706e+01
  -1.0000000e+02   2.5000000e+02  -3.0000000e+01   2.0000000e+00   2.1938507e+01   8.7327837e+01   2.2307673e+01   8.8321521e+01
  -5.0000000e+01   2.5000000e+02  -3.0000000e+01   2.0000000e+00   2.2294323e+01   8.7611700e+01   2.2648205e+01   8.8617357e+01
   0.0000000e+00   2.5000000e+02  -3.0000000e+01   2.0000000e+00   2.2442699e+01   8.7734571e+01   2.2780563e+01   8.8737984e+01
   5.0000000e+01   2.5000000e+02  -3.0000000e+01   2.0000000e+00   2.2294323e+01   8.7611700e+01   2.2648205e+01   8.8617357e+01
   1.0000000e+02   2.5000000e+02  -3.0000000e+01   2.0000000e+00   2.1938507e+01   8.7327837e+01   2.2307673e+01   8.8321521e+01
   1.5000000e+02   2.5000000e+02  -3.0000000e+01   2.0000000e+00   2.1544934e+01   8.7047412e+01   2.1880470e+01   8.7934706e+01
   2.0000000e+02   2.5000000e+02  -3.0000000e+01   2.0000000e+00   2.1217740e+01   8.6861742e+01   2.1476455e+01   8.7470286e+01
   2.5000000e+02   2.5000000e+02  -3.0000000e+01   2.0000000e+00   2.0979908e+01   8.6769778e+01   2.1157280e+01   8.7194905e+01
  -2.5000000e+02  -2.5000000e+02  -3.0000000e+01   3.0000000e+00   1.3818802e+00   1.3437688e+01   1.3945960e+00   1.3526145e+01
  -2.0000000e+02  -2.5000000e+02  -3.0000000e+01   3.0000000e+00   1.3918548e+00   1.3486113e+01   1.4071451e+00   1.3605415e+01
  -1.5000000e+02  -2.5000000e+02  -3.0000000e+01   3.0000000e+00   1.4036443e+00   1.3553168e+01   1.4208246e+00   1.3712421e+01
  -1.0000000e+02  -2.5000000e+02  -3.0000000e+01   3.0000000e+00   1.4164469e+00   1.3635559e+01   1.4338873e+00   1.3806382e+01
  -5.0000000e+01  -2.5000000e+02  -3.0000000e+01   3.0000000e+00   1.4273793e+00   1.3711196e+01   1.4436600e+00   1.3876901e+01
   0.0000000e+00  -2.5000000e+02  -3.0000000e+01   3.0000000e+00   1.4318330e+00   1.3742858e+01   1.4473433e+00   1.3904523e+01
   5.0000000e+01  -2.5000000e+02  -3.0000000e+01   3.0000000e+00   1.4273793e+00   1.3711196e+01   1.4436600e+00   1.3876901e+01
   1.0000000e+02  -2.5000000e+02  -3.0000000e+01   3.0000000e+00   1.4164469e+00   1.3635559e+01   1.4338873e+00   1.3806382e+01
   1.5000000e+02  -2.5000000e+02  -3.0000000e+01   3.0000000e+00   1.4036443e+00   1.3553168e+01   1.4208246e+00   1.3712421e+01
   2.0000000e+02  -2.5000000e+02  -3.0000000e+01   3.0000000e+00   1.3918548e+00   1.3486113e+01   1.4071451e+00   1.3605415e+01
   2.5000000e+02  -2.5000000e+02  -3.0000000e+01   3.0000000e+00   1.3818802e+00   1.3437688e+01   1.3945960e+00   1.3526145e+01
  -2.5000000e+02  -2.0000000e+02  -3.0000000e+01   3.0000000e+00   1.3918200e+00   1.3485931e+01   1.4068152e+00   1.3592380e+01
  -2.0000000e+02  -2.0000000e+02  -3.0000000e+01   3.0000000e+00   1.4061255e+00   1.3570726e+01   1.4248478e+00   1.3720556e+01
  -1.5000000e+02  -2.0000000e+02  -3.0000000e+01   3.0000000e+00   1.4237345e+00   1.3697352e+01   1.4454938e+00   1.3885386e+01
  -1.0000000e+02  -2.0000000e+02  -3.0000000e+01   3.0000000e+00   1.4446190e+00   1.3871314e+01   1.4663263e+00   1.4035193e+01
  -5.0000000e+01  -2.0000000e+02  -3.0000000e+01   3.0000000e+00   1.4647581e+00   1.4051201e+01   1.4828195e+00   1.4163102e+01
   0.0000000e+00  -2.0000000e+02  -3.0000000e+01   3.0000000e+00   1.4736120e+00   1.4131012e+01   1.4892795e+00   1.4217887e+01
   5.0000000e+01  -2.0000000e+02  -3.0000000e+01   3.0000000e+00   1.4647581e+00   1.4051201e+01   1.4828195e+00   1.4163102e+01
   1.0000000e+02  -2.0000000e+02  -3.0000000e+01   3.0000000e+00   1.4446190e+00   1.3871314e+01   1.4663263e+00   1.4035193e+01
   1.5000000e+02  -2.0000000e+02  -3.0000000e+01   3.0000000e+00   1.4237345e+00   1.3697352e+01   1.4454938e+00   1.3885386e+01
   2.0000000e+02  -2.0000000e+02  -3.0000000e+01   3.0000000e+00   1.4061255e+00   1.3570726e+01   1.4248478e+00   1.3720556e+01
   2.5000000e+02  -2.0000000e+02  -3.0000000e+01   3.0000000e+00   1.3918200e+00   1.3485931e+01   1.4068152e+00   1.3592380e+01
  -2.5000000e+02  -1.5000000e+02  -3.0000000e+01   3.0000000e+00   1.4035445e+00   1.3552547e+01   1.4199331e+00   1.3679125e+01
  -2.0000000e+02  -1.5000000e+02  -3.0000000e+01   3.0000000e+00   1.4236708e+00   1.3696817e+01   1.4446931e+00   1.3856454e+01
  -1.5000000e+02  -1.5000000e+02  -3.0000000e+01   3.0000000e+00   1.4481700e+00   1.3916403e+01   1.4742211e+00   1.4078838e+01
  -1.0000000e+02  -1.5000000e+02  -3.0000000e+01   3.0000000e+00   1.4783395e+00   1.4229027e+01   1.5052020e+00   1.4342209e+01
  -5.0000000e+01  -1.5000000e+02  -3.0000000e+01   3.0000000e+00   1.5129625e+00   1.4606709e+01   1.5309334e+00   1.4623016e+01
   0.0000000e+00  -1.5000000e+02  -3.0000000e+01   3.0000000e+00   1.5300677e+00   1.4788345e+01   1.5414456e+00   1.4750975e+01
   5.0000000e+01  -1.5000000e+02  -3.0000000e+01   3.0000000e+00   1.5129625e+00   1.4606709e+01   1.5309334e+00   1.4623016e+01
   1.0000000e+02  -1.5000000e+02  -3.0000000e+01   3.0000000e+00   1.4783395e+00   1.4229027e+01   1.5052020e+00   1.4342209e+01
   1.5000000e+02  -1.5000000e+02  -3.0000000e+01   3.0000000e+00   1.4481700e+00   1.3916403e+01   1.4742211e+00   1.4078838e+01
   2.0000000e+02  -1.5000000e+02  -3.0000000e+01   3.0000000e+00   1.4236708e+00   1.3696817e+01   1.4446931e+00   1.3856454e+01
   2.5000000e+02  -1.5000000e+02  -3.0000000e+01   3.0000000e+00   1.4035445e+00   1.3552547e+01   1.4199331e+00   1.3679125e+01
  -2.5000000e+02  -1.0000000e+02  -3.0000000e+01   3.0000000e+00   1.4162252e+00   1.3633994e+01   1.4322689e+00   1.3749828e+01
  -2.0000000e+02  -1.0000000e+02  -3.0000000e+01   3.0000000e+00   1.4444164e+00   1.3869314e+01   1.4642972e+00   1.3962853e+01
  -1.5000000e+02  -1.0000000e+02  -3.0000000e+01   3.0000000e+00   1.4782707e+00   1.4228147e+01   1.5036726e+00   1.4276327e+01
  -1.0000000e+02  -1.0000000e+02  -3.0000000e+01   3.0000000e+00   1.5196372e+00   1.4689503e+01   1.5444760e+00   1.4768892e+01
  -5.0000000e+01  -1.0000000e+02  -3.0000000e+01   3.0000000e+00   1.5825757e+00   1.5414154e+01   1.5781541e+00   1.5365584e+01
   0.0000000e+00  -1.0000000e+02  -3.0000000e+01   3.0000000e+00   1.6189253e+00   1.5809677e+01   1.5923411e+00   1.5648098e+01
   5.0000000e+01  -1.0000000e+02  -3.0000000e+01   3.0000000e+00   1.5825757e+00   1.5414154e+01   1.5781541e+00   1.5365584e+01
   1.0000000e+02  -1.0000000e+02  -3.0000000e+01   3.0000000e+00   1.5196372e+00   1.4689503e+01   1.5444760e+00   1.4768892e+01
   1.5000000e+02  -1.0000000e+02  -3.0000000e+01   3.0000000e+00   1.4782707e+00   1.4228147e+01   1.5036726e+00   1.4276327e+01
   2.0000000e+02  -1.0000000e+02  -3.0000000e+01   3.0000000e+00   1.4444164e+00   1.3869314e+01   1.4642972e+00   1.3962853e+01
   2.5000000e+02  -1.0000000e+02  -3.0000000e+01   3.0000000e+00   1.4162252e+00   1.3633994e+01   1.4322689e+00   1.3749828e+01
  -2.5000000e+02  -5.0000000e+01  -3.0000000e+01   3.0000000e+00   1.4269658e+00   1.3708104e+01   1.4413882e+00   1.3800479e+01
  -2.0000000e+02  -5.0000000e+01  -3.0000000e+01   3.0000000e+00   1.4642475e+00   1.4045970e+01   1.4796436e+00   1.4046695e+01
  -1.5000000e+02  -5.0000000e+01  -3.0000000e+01   3.0000000e+00   1.5125238e+00   1.4601275e+01   1.5282385e+00   1.4483772e+01
  -1.0000000e+02  -5.0000000e+01  -3.0000000e+01   3.0000000e+00   1.5820324e+00   1.5408377e+01   1.5790930e+00   1.5315382e+01
  -5.0000000e+01  -5.0000000e+01  -3.0000000e+01   3.0000000e+00   1.7160048e+00   1.6960175e+01   1.6226773e+00   1.6431126e+01
   0.0000000e+00  -5.0000000e+01  -3.0000000e+01   3.0000000e+00   1.7987570e+00   1.7833646e+01   1.6426753e+00   1.6997501e+01
   5.0000000e+01  -5.0000000e+01  -3.0000000e+01   3.0000000e+00   1.7160048e+00   1.6960175e+01   1.6226773e+00   1.6431126e+01
   1.0000000e+02  -5.0000000e+01  -3.0000000e+01   3.0000000e+00   1.5820324e+00   1.5408377e+01   1.5790930e+00   1.5315382e+01
   1.5000000e+02  -5.0000000e+01  -3.0000000e+01   3.0000000e+00   1.5125238e+00   1.4601275e+01   1.5282385e+00   1.4483772e+01
   2.0000000e+02  -5.0000000e+01  -3.0000000e+01   3.0000000e+00   1.4642475e+00   1.4045970e+01   1.4796436e+00   1.4046695e+01
   2.5000000e+02  -5.0000000e+01  -3.0000000e+01   3.0000000e+00   1.4269658e+00   1.3708104e+01   1.4413882e+00   1.3800479e+01
  -2.5000000e+02   0.0000000e+00  -3.0000000e+01   3.0000000e+00   1.4312231e+00   1.3738278e+01   1.4447355e+00   1.3819481e+01
  -2.0000000e+02   0.0000000e+00  -3.0000000e+01   3.0000000e+00   1.4727183e+00   1.4122117e+01   1.4855176e+00   1.4081787e+01
  -1.5000000e+02   0.0000000e+00  -3.0000000e+01   3.0000000e+00   1.5289274e+00   1.4775218e+01   1.5382604e+00   1.4578910e+01
  -1.0000000e+02   0.0000000e+00  -3.0000000e+01   3.0000000e+00   1.6168673e+00   1.5787301e+01   1.5949419e+00   1.5587674e+01
  -5.0000000e+01   0.0000000e+00  -3.0000000e+01   3.0000000e+00   1.7956385e+00   1.7800068e+01   1.6465658e+00   1.7003249e+01
   0.0000000e+00   0.0000000e+00  -3.0000000e+01   3.0000000e+00   1.9078653e+00   1.8950867e+01   1.6717688e+00   1.7749087e+01
   5.0000000e+01   0.0000000e+00  -3.0000000e+01   3.0000000e+00   1.7956385e+00   1.7800068e+01   1.6465658e+00   1.7003249e+01
   1.0000000e+02   0.0000000e+00  -3.0000000e+01   3.0000000e+00   1.6168673e+00   1.5787301e+01   1.5949419e+00   1.5587674e+01
   1.5000000e+02   0.0000000e+00  -3.0000000e+01   3.0000000e+00   1.5289274e+00   1.4775218e+01   1.5382604e+00   1.4578910e+01
   2.0000000e+02   0.0000000e+00  -3.0000000e+01   3.0000000e+00   1.4727183e+00   1.4122117e+01   1.4855176e+00   1.4081787e+01
   2.5000000e+02   0.0000000e+00  -3.0000000e+01   3.0000000e+00   1.4312231e+00   1.3738278e+01   1.4447355e+00   1.3819481e+01
  -2.5000000e+02   5.0000000e+01  -3.0000000e+01   3.0000000e+00   1.4266804e+00   1.3706096e+01   1.4411534e+00   1.3799383e+01
  -2.0000000e+02   5.0000000e+01  -3.0000000e+01   3.0000000e+00   1.4636916e+00   1.4040972e+01   1.4792456e+00   1.4045024e+01
  -1.5000000e+02   5.0000000e+01  -3.0000000e+01   3.0000000e+00   1.5114810e+00   1.4590049e+01   1.5275908e+00   1.4477586e+01
  -1.0000000e+02   5.0000000e+01  -3.0000000e+01   3.0000000e+00   1.5798993e+00   1.5384319e+01   1.5782105e+00   1.5299982e+01
  -5.0000000e+01   5.0000000e+01  -3.0000000e+01   3.0000000e+00   1.7111992e+00   1.6906805e+01   1.6215313e+00   1.6400911e+01
   0.0000000e+00   5.0000000e+01  -3.0000000e+01   3.0000000e+00   1.7922042e+00   1.7763101e+01   1.6413311e+00   1.6957627e+01
   5.0000000e+01   5.0000000e+01  -3.0000000e+01   3.0000000e+00   1.7111992e+00   1.6906805e+01   1.6215313e+00   1.6400911e+01
   1.0000000e+02   5.0000000e+01  -3.0000000e+01   3.0000000e+00   1.5798993e+00   1.5384319e+01   1.5782105e+00   1.5299982e+01
   1.5000000e+02   5.0000000e+01  -3.0000000e+01   3.0000000e+00   1.5114810e+00   1.4590049e+01   1.5275908e+00   1.4477586e+01
   2.0000000e+02   5.0000000e+01  -3.0000000e+01   3.0000000e+00   1.4636916e+00   1.4040972e+01   1.4792456e+00   1.4045024e+01
   2.5000000e+02   5.0000000e+01  -3.0000000e+01   3.0000000e+00   1.4266804e+00   1.3706096e+01   1.4411534e+00   1.3799383e+01
  -2.5000000e+02   1.0000000e+02  -3.0000000e+01   3.0000000e+00   1.4158000e+00   1.3631141e+01   1.4318684e+00   1.3748006e+01
  -2.0000000e+02   1.0000000e+02  -3.0000000e+01   3.0000000e+00   1.4436772e+00   1.3862876e+01   1.4636517e+00   1.3960329e+01
  -1.5000000e+02   1.0000000e+02  -3.0000000e+01   3.0000000e+00   1.4771172e+00   1.4215720e+01   1.5026885e+00   1.4268344e+01
  -1.0000000e+02   1.0000000e+02  -3.0000000e+01   3.0000000e+00   1.5178848e+00   1.4669768e+01   1.5432748e+00   1.4754702e+01
  -5.0000000e+01   1.0000000e+02  -3.0000000e+01   3.0000000e+00   1.5792415e+00   1.5375507e+01   1.5768775e+00   1.5342824e+01
   0.0000000e+00   1.0000000e+02  -3.0000000e+01   3.0000000e+00   1.6145218e+00   1.5759549e+01   1.5910119e+00   1.5620026e+01
   5.0000000e+01   1.0000000e+02  -3.0000000e+01   3.0000000e+00   1.5792415e+00   1.5375507e+01   1.5768775e+00   1.5342824e+01
   1.0000000e+02   1.0000000e+02  -3.0000000e+01   3.0000000e+00   1.5178848e+00   1.4669768e+01   1.5432748e+00   1.4754702e+01
   1.5000000e+02   1.0000000e+02  -3.0000000e+01   3.0000000e+00   1.4771172e+00   1.4215720e+01   1.5026885e+00   1.4268344e+01
   2.0000000e+02   1.0000000e+02  -3.0000000e+01   3.0000000e+00   1.4436772e+00   1.3862876e+01   1.4636517e+00   1.3960329e+01
   2.5000000e+02   1.0000000e+02  -3.0000000e+01   3.0000000e+00   1.4158000e+00   1.3631141e+01   1.4318684e+00   1.3748006e+01
  -2.5000000e+02   1.5000000e+02  -3.0000000e+01   3.0000000e+00   1.4031195e+00   1.3549970e+01   1.4194575e+00   1.3676999e+01
  -2.0000000e+02   1.5000000e+02  -3.0000000e+01   3.0000000e+00   1.4230143e+00   1.3691717e+01   1.4439675e+00   1.3853985e+01
  -1.5000000e+02   1.5000000e+02  -3.0000000e+01   3.0000000e+00   1.4472613e+00   1.3907567e+01   1.4731451e+00   1.4072609e+01
  -1.0000000e+02   1.5000000e+02  -3.0000000e+01   3.0000000e+00   1.4771361e+00   1.4215483e+01   1.5037819e+00   1.4329721e+01
  -5.0000000e+01   1.5000000e+02  -3.0000000e+01   3.0000000e+00   1.5111774e+00   1.4585138e+01   1.5292340e+00   1.4603788e+01
   0.0000000e+00   1.5000000e+02  -3.0000000e+01   3.0000000e+00   1.5279105e+00   1.4762224e+01   1.5396174e+00   1.4728214e+01
   5.0000000e+01   1.5000000e+02  -3.0000000e+01   3.0000000e+00   1.5111774e+00   1.4585138e+01   1.5292340e+00   1.4603788e+01
   1.0000000e+02   1.5000000e+02  -3.0000000e+01   3.0000000e+00   1.4771361e+00   1.4215483e+01   1.5037819e+00   1.4329721e+01
   1.5000000e+02   1.5000000e+02  -3.0000000e+01   3.0000000e+00   1.4472613e+00   1.3907567e+01   1.4731451e+00   1.4072609e+01
   2.0000000e+02   1.5000000e+02  -3.0000000e+01   3.0000000e+00   1.4230143e+00   1.3691717e+01   1.4439675e+00   1.3853985e+01
   2.5000000e+02   1.5000000e+02  -3.0000000e+01   3.0000000e+00   1.4031195e+00   1.3549970e+01   1.4194575e+00   1.3676999e+01
  -2.5000000e+02   2.0000000e+02  -3.0000000e+01   3.0000000e+00   1.3914505e+00   1.3483995e+01   1.4063411e+00   1.3590464e+01
  -2.0000000e+02   2.0000000e+02  -3.0000000e+01   3.0000000e+00   1.4055870e+00   1.3567224e+01   1.4241592e+00   1.3718196e+01
  -1.5000000e+02   2.0000000e+02  -3.0000000e+01   3.0000000e+00   1.4229768e+00   1.3691281e+01   1.4445167e+00   1.3882023e+01
  -1.0000000e+02   2.0000000e+02  -3.0000000e+01   3.0000000e+00   1.4435487e+00   1.3861159e+01   1.4650212e+00   1.4029575e+01
  -5.0000000e+01   2.0000000e+02  -3.0000000e+01   3.0000000e+00   1.4632928e+00   1.4036045e+01   1.4812276e+00   1.4154468e+01
   0.0000000e+00   2.0000000e+02  -3.0000000e+01   3.0000000e+00   1.4719463e+00   1.4113470e+01   1.4875664e+00   1.4207779e+01
   5.0000000e+01   2.0000000e+02  -3.0000000e+01   3.0000000e+00   1.4632928e+00   1.4036045e+01   1.4812276e+00   1.4154468e+01
   1.0000000e+02   2.0000000e+02  -3.0000000e+01   3.0000000e+00   1.4435487e+00   1.3861159e+01   1.4650212e+00   1.4029575e+01
   1.5000000e+02   2.0000000e+02  -3.0000000e+01   3.0000000e+00   1.4229768e+00   1.3691281e+01   1.4445167e+00   1.3882023e+01
   2.0000000e+02   2.0000000e+02  -3.0000000e+01   3.0000000e+00   1.4055870e+00   1.3567224e+01   1.4241592e+00   1.3718196e+01
   2.5000000e+02   2.0000000e+02  -3.0000000e+01   3.0000000e+00   1.3914505e+00   1.3483995e+01   1.4063411e+00   1.3590464e+01
  -2.5000000e+02   2.5000000e+02  -3.0000000e+01   3.0000000e+00   1.3815740e+00   1.3436333e+01   1.3941550e+00   1.3524041e+01
  -2.0000000e+02   2.5000000e+02  -3.0000000e+01   3.0000000e+00   1.3914226e+00   1.3483823e+01   1.4065367e+00   1.3603151e+01
  -1.5000000e+02   2.5000000e+02  -3.0000000e+01   3.0000000e+00   1.4030414e+00   1.3549389e+01   1.4200079e+00   1.3709313e+01
  -1.0000000e+02   2.5000000e+02  -3.0000000e+01   3.0000000e+00   1.4156205e+00   1.3629644e+01   1.4328509e+00   1.3802815e+01
  -5.0000000e+01   2.5000000e+02  -3.0000000e+01   3.0000000e+00   1.4263256e+00   1.3703060e+01   1.4424460e+00   1.3872993e+01
   0.0000000e+00   2.5000000e+02  -3.0000000e+01   3.0000000e+00   1.4306775e+00   1.3733737e+01   1.4460592e+00   1.3900441e+01
   5.0000000e+01   2.5000000e+02  -3.0000000e+01   3.0000000e+00   1.4263256e+00   1.3703060e+01   1.4424460e+00   1.3872993e+01
   1.0000000e+02   2.5000000e+02  -3.0000000e+01   3.0000000e+00   1.4156205e+00   1.3629644e+01   1.4328509e+00   1.3802815e+01
   1.5000000e+02   2.5000000e+02  -3.0000000e+01   3.0000000e+00   1.4030414e+00   1.3549389e+01   1.4200079e+00   1.3709313e+01
   2.0000000e+02   2.5000000e+02  -3.0000000e+01   3.0000000e+00   1.3914226e+00   1.3483823e+01   1.4065367e+00   1.3603151e+01
   2.5000000e+02   2.5000000e+02  -3.0000000e+01   3.0000000e+00   1.3815740e+00   1.3436333e+01   1.3941550e+00   1.3524041e+01
  -2.5000000e+02  -2.5000000e+02  -3.0000000e+01   4.0000000e+00   3.7299465e+00   1.7204642e+01   3.7498033e+00   1.7257965e+01
  -2.0000000e+02  -2.5000000e+02  -3.0000000e+01   4.0000000e+00   3.7455964e+00   1.7241139e+01   3.7660681e+00   1.7318148e+01
  -1.5000000e+02  -2.5000000e+02  -3.0000000e+01   4.0000000e+00   3.7503764e+00   1.7281187e+01   3.7688041e+00   1.7391832e+01
  -1.0000000e+02  -2.5000000e+02  -3.0000000e+01   4.0000000e+00   3.7474779e+00   1.7325916e+01   3.7563234e+00   1.7439359e+01
  -5.0000000e+01  -2.5000000e+02  -3.0000000e+01   4.0000000e+00   3.7470559e+00   1.7373218e+01   3.7390778e+00   1.7469396e+01
   0.0000000e+00  -2.5000000e+02  -3.0000000e+01   4.0000000e+00   3.7486327e+00   1.7395869e+01   3.7313376e+00   1.7481191e+01
   5.0000000e+01  -2.5000000e+02  -3.0000000e+01   4.0000000e+00   3.7470559e+00   1.7373218e+01   3.7390778e+00   1.7469396e+01
   1.0000000e+02  -2.5000000e+02  -3.0000000e+01   4.0000000e+00   3.7474779e+00   1.7325916e+01   3.7563234e+00   1.7439359e+01
   1.5000000e+02  -2.5000000e+02  -3.0000000e+01   4.0000000e+00   3.7503764e+00   1.7281187e+01   3.7688041e+00   1.7391832e+01
   2.0000000e+02  -2.5000000e+02  -3.0000000e+01   4.0000000e+00   3.7455964e+00   1.7241139e+01   3.7660681e+00   1.7318148e+01
   2.5000000e+02  -2.5000000e+02  -3.0000000e+01   4.0000000e+00   3.7299465e+00   1.7204642e+01   3.7498033e+00   1.7257965e+01
  -2.5000000e+02  -2.0000000e+02  -3.0000000e+01   4.0000000e+00   3.7710880e+00   1.7236094e+01   3.7925852e+00   1.7328774e+01
  -2.0000000e+02  -2.0000000e+02  -3.0000000e+01   4.0000000e+00   3.8090983e+00   1.7299592e+01   3.8323636e+00   1.7430547e+01
  -1.5000000e+02  -2.0000000e+02  -3.0000000e+01   4.0000000e+00   3.8319412e+00   1.7362848e+01   3.8566915e+00   1.7523744e+01
  -1.0000000e+02  -2.0000000e+02  -3.0000000e+01   4.0000000e+00   3.8389688e+00   1.7420989e+01   3.8521615e+00   1.7527504e+01
  -5.0000000e+01  -2.0000000e+02  -3.0000000e+01   4.0000000e+00   3.8531901e+00   1.7497951e+01   3.8324071e+00   1.7502076e+01
   0.0000000e+00  -2.0000000e+02  -3.0000000e+01   4.0000000e+00   3.8654624e+00   1.7542496e+01   3.8228180e+00   1.7495250e+01
   5.0000000e+01  -2.0000000e+02  -3.0000000e+01   4.0000000e+00   3.8531901e+00   1.7497951e+01   3.8324071e+00   1.7502076e+01
   1.0000000e+02  -2.0000000e+02  -3.0000000e+01   4.0000000e+00   3.8389688e+00   1.7420989e+01   3.8521615e+00   1.7527504e+01
   1.5000000e+02  -2.0000000e+02  -3.0000000e+01   4.0000000e+00   3.8319412e+00   1.7362848e+01   3.8566915e+00   1.7523744e+01
   2.0000000e+02  -2.0000000e+02  -3.0000000e+01   4.0000000e+00   3.8090983e+00   1.7299592e+01   3.8323636e+00   1.7430547e+01
   2.5000000e+02  -2.0000000e+02  -3.0000000e+01   4.0000000e+00   3.7710880e+00   1.7236094e+01   3.7925852e+00   1.7328774e+01
  -2.5000000e+02  -1.5000000e+02  -3.0000000e+01   4.0000000e+00   3.8296891e+00   1.7278753e+01   3.8626678e+00   1.7382600e+01
  -2.0000000e+02  -1.5000000e+02  -3.0000000e+01   4.0000000e+00   3.9257427e+00   1.7410952e+01   3.9637514e+00   1.7533037e+01
  -1.5000000e+02  -1.5000000e+02  -3.0000000e+01   4.0000000e+00   4.0408786e+00   1.7595149e+01   4.0752340e+00   1.7648967e+01
  -1.0000000e+02  -1.5000000e+02  -3.0000000e+01   4.0000000e+00   4.1763498e+00   1.7820684e+01   4.1645617e+00   1.7645934e+01
  -5.0000000e+01  -1.5000000e+02  -3.0000000e+01   4.0000000e+00   4.3501019e+00   1.8131744e+01   4.2240525e+00   1.7679770e+01
   0.0000000e+00  -1.5000000e+02  -3.0000000e+01   4.0000000e+00   4.4461620e+00   1.8303671e+01   4.2482468e+00   1.7721926e+01
   5.0000000e+01  -1.5000000e+02  -3.0000000e+01   4.0000000e+00   4.3501019e+00   1.8131744e+01   4.2240525e+00   1.7679770e+01
   1.0000000e+02  -1.5000000e+02  -3.0000000e+01   4.0000000e+00   4.1763498e+00   1.7820684e+01   4.1645617e+00   1.7645934e+01
   1.5000000e+02  -1.5000000e+02  -3.0000000e+01   4.0000000e+00   4.0408786e+00   1.7595149e+01   4.0752340e+00   1.7648967e+01
   2.0000000e+02  -1.5000000e+02  -3.0000000e+01   4.0000000e+00   3.9257427e+00   1.7410952e+01   3.9637514e+00   1.7533037e+01
   2.5000000e+02  -1.5000000e+02  -3.0000000e+01   4.0000000e+00   3.8296891e+00   1.7278753e+01   3.8626678e+00   1.7382600e+01
  -2.5000000e+02  -1.0000000e+02  -3.0000000e+01   4.0000000e+00   3.8880675e+00   1.7314348e+01   3.9441181e+00   1.7408616e+01
  -2.0000000e+02  -1.0000000e+02  -3.0000000e+01   4.0000000e+00   4.0663315e+00   1.7544888e+01   4.1386885e+00   1.7598761e+01
  -1.5000000e+02  -1.0000000e+02  -3.0000000e+01   4.0000000e+00   4.3670395e+00   1.8020362e+01   4.4287421e+00   1.7916764e+01
  -1.0000000e+02  -1.0000000e+02  -3.0000000e+01   4.0000000e+00   4.8686326e+00   1.8922029e+01   4.8029387e+00   1.8684525e+01
  -5.0000000e+01  -1.0000000e+02  -3.0000000e+01   4.0000000e+00   5.5326543e+00   2.0149645e+01   5.1677562e+00   1.9722761e+01
   0.0000000e+00  -1.0000000e+02  -3.0000000e+01   4.0000000e+00   5.8695564e+00   2.0732524e+01   5.3297063e+00   2.0206087e+01
   5.0000000e+01  -1.0000000e+02  -3.0000000e+01   4.0000000e+00   5.5326543e+00   2.0149645e+01   5.1677562e+00   1.9722761e+01
   1.0000000e+02  -1.0000000e+02  -3.0000000e+01   4.0000000e+00   4.8686326e+00   1.8922029e+01   4.8029387e+00   1.8684525e+01
   1.5000000e+02  -1.0000000e+02  -3.0000000e+01   4.0000000e+00   4.3670395e+00   1.8020362e+01   4.4287421e+00   1.7916764e+01
   2.0000000e+02  -1.0000000e+02  -3.0000000e+01   4.0000000e+00   4.0663315e+00   1.7544888e+01   4.1386885e+00   1.7598761e+01
   2.5000000e+02  -1.0000000e+02  -3.0000000e+01   4.0000000e+00   3.8880675e+00   1.7314348e+01   3.9441181e+00   1.7408616e+01
  -2.5000000e+02  -5.0000000e+01  -3.0000000e+01   4.0000000e+00   3.9217027e+00   1.7322394e+01   4.0080983e+00   1.7414157e+01
  -2.0000000e+02  -5.0000000e+01  -3.0000000e+01   4.0000000e+00   4.1502031e+00   1.7599104e+01   4.2826237e+00   1.7615412e+01
  -1.5000000e+02  -5.0000000e+01  -3.0000000e+01   4.0000000e+00   4.5666846e+00   1.8231554e+01   4.7349183e+00   1.8122706e+01
  -1.0000000e+02  -5.0000000e+01  -3.0000000e+01   4.0000000e+00   5.2918138e+00   1.9505966e+01   5.3776217e+00   1.9541640e+01
  -5.0000000e+01  -5.0000000e+01  -3.0000000e+01   4.0000000e+00   6.2192393e+00   2.1187318e+01   6.0282539e+00   2.1325111e+01
   0.0000000e+00  -5.0000000e+01  -3.0000000e+01   4.0000000e+00   6.6677517e+00   2.1947822e+01   6.3135533e+00   2.2110782e+01
   5.0000000e+01  -5.0000000e+01  -3.0000000e+01   4.0000000e+00   6.2192393e+00   2.1187318e+01   6.0282539e+00   2.1325111e+01
   1.0000000e+02  -5.0000000e+01  -3.0000000e+01   4.0000000e+00   5.2918138e+00   1.9505966e+01   5.3776217e+00   1.9541640e+01
   1.5000000e+02  -5.0000000e+01  -3.0000000e+01   4.0000000e+00   4.5666846e+00   1.8231554e+01   4.7349183e+00   1.8122706e+01
   2.0000000e+02  -5.0000000e+01  -3.0000000e+01   4.0000000e+00   4.1502031e+00   1.7599104e+01   4.2826237e+00   1.7615412e+01
   2.5000000e+02  -5.0000000e+01  -3.0000000e+01   4.0000000e+00   3.9217027e+00   1.7322394e+01   4.0080983e+00   1.7414157e+01
  -2.5000000e+02   0.0000000e+00  -3.0000000e+01   4.0000000e+00   3.9299608e+00   1.7318952e+01   4.0308087e+00   1.7411055e+01
  -2.0000000e+02   0.0000000e+00  -3.0000000e+01   4.0000000e+00   4.1679377e+00   1.7597088e+01   4.3328556e+00   1.7605319e+01
  -1.5000000e+02   0.0000000e+00  -3.0000000e+01   4.0000000e+00   4.5967001e+00   1.8231543e+01   4.8344595e+00   1.8129278e+01
  -1.0000000e+02   0.0000000e+00  -3.0000000e+01   4.0000000e+00   5.3217783e+00   1.9497498e+01   5.5395438e+00   1.9597619e+01
  -5.0000000e+01   0.0000000e+00  -3.0000000e+01   4.0000000e+00   6.2119270e+00   2.1158546e+01   6.2273396e+00   2.1351544e+01
   0.0000000e+00   0.0000000e+00  -3.0000000e+01   4.0000000e+00   6.6244285e+00   2.1888125e+01   6.5157415e+00   2.2067013e+01
   5.0000000e+01   0.0000000e+00  -3.0000000e+01   4.0000000e+00   6.2119270e+00   2.1158546e+01   6.2273396e+00   2.1351544e+01
   1.0000000e+02   0.0000000e+00  -3.0000000e+01   4.0000000e+00   5.3217783e+00   1.9497498e+01   5.5395438e+00   1.9597619e+01
   1.5000000e+02   0.0000000e+00  -3.0000000e+01   4.0000000e+00   4.5967001e+00   1.8231543e+01   4.8344595e+00   1.8129278e+01
   2.0000000e+02   0.0000000e+00  -3.0000000e+01   4.0000000e+00   4.1679377e+00   1.7597088e+01   4.3328556e+00   1.7605319e+01
   2.5000000e+02   0.0000000e+00  -3.0000000e+01   4.0000000e+00   3.9299608e+00   1.7318952e+01   4.0308087e+00   1.7411055e+01
  -2.5000000e+02   5.0000000e+01  -3.0000000e+01   4.0000000e+00   3.9210398e+00   1.7322480e+01   4.0064682e+00   1.7415585e+01
  -2.0000000e+02   5.0000000e+01  -3.0000000e+01   4.0000000e+00   4.1486662e+00   1.7598729e+01   4.2790202e+00   1.7617542e+01
  -1.5000000e+02   5.0000000e+01  -3.0000000e+01   4.0000000e+00   4.5635603e+00   1.8229872e+01   4.7275306e+00   1.8121010e+01
  -1.0000000e+02   5.0000000e+01  -3.0000000e+01   4.0000000e+00   5.2868580e+00   1.9502622e+01   5.3656288e+00   1.9539386e+01
  -5.0000000e+01   5.0000000e+01  -3.0000000e+01   4.0000000e+00   6.2140921e+00   2.1183402e+01   6.0131705e+00   2.1327135e+01
   0.0000000e+00   5.0000000e+01  -3.0000000e+01   4.0000000e+00   6.6634239e+00   2.1944744e+01   6.2975080e+00   2.2113329e+01
   5.0000000e+01   5.0000000e+01  -3.0000000e+01   4.0000000e+00   6.2140921e+00   2.1183402e+01   6.0131705e+00   2.1327135e+01
   1.0000000e+02   5.0000000e+01  -3.0000000e+01   4.0000000e+00   5.2868580e+00   1.9502622e+01   5.3656288e+00   1.9539386e+01
   1.5000000e+02   5.0000000e+01  -3.0000000e+01   4.0000000e+00   4.5635603e+00   1.8229872e+01   4.7275306e+00   1.8121010e+01
   2.0000000e+02   5.0000000e+01  -3.0000000e+01   4.0000000e+00   4.1486662e+00   1.7598729e+01   4.2790202e+00   1.7617542e+01
   2.5000000e+02   5.0000000e+01  -3.0000000e+01   4.0000000e+00   3.9210398e+00   1.7322480e+01   4.0064682e+00   1.7415585e+01
  -2.5000000e+02   1.0000000e+02  -3.0000000e+01   4.0000000e+00   3.8863815e+00   1.7313541e+01   3.9414438e+00   1.7410010e+01
  -2.0000000e+02   1.0000000e+02  -3.0000000e+01   4.0000000e+00   4.0620561e+00   1.7541164e+01   4.1327497e+00   1.7599201e+01
  -1.5000000e+02   1.0000000e+02  -3.0000000e+01   4.0000000e+00   4.3564320e+00   1.8006673e+01   4.4159510e+00   1.7904662e+01
  -1.0000000e+02   1.0000000e+02  -3.0000000e+01   4.0000000e+00   4.8446121e+00   1.8882626e+01   4.7793340e+00   1.8648831e+01
  -5.0000000e+01   1.0000000e+02  -3.0000000e+01   4.0000000e+00   5.4906434e+00   2.0076061e+01   5.1327020e+00   1.9662560e+01
   0.0000000e+00   1.0000000e+02  -3.0000000e+01   4.0000000e+00   5.8189107e+00   2.0644275e+01   5.2893234e+00   2.0133288e+01
   5.0000000e+01   1.0000000e+02  -3.0000000e+01   4.0000000e+00   5.4906434e+00   2.0076061e+01   5.1327020e+00   1.9662560e+01
   1.0000000e+02   1.0000000e+02  -3.0000000e+01   4.0000000e+00   4.8446121e+00   1.8882626e+01   4.7793340e+00   1.8648831e+01
   1.5000000e+02   1.0000000e+02  -3.0000000e+01   4.0000000e+00   4.3564320e+00   1.8006673e+01   4.4159510e+00   1.7904662e+01
   2.0000000e+02   1.0000000e+02  -3.0000000e+01   4.0000000e+00   4.0620561e+00   1.7541164e+01   4.1327497e+00   1.7599201e+01
   2.5000000e+02   1.0000000e+02  -3.0000000e+01   4.0000000e+00   3.8863815e+00   1.7313541e+01   3.9414438e+00   1.7410010e+01
  -2.5000000e+02   1.5000000e+02  -3.0000000e+01   4.0000000e+00   3.8275314e+00   1.7277239e+01   3.8600618e+00   1.7383545e+01
  -2.0000000e+02   1.5000000e+02  -3.0000000e+01   4.0000000e+00   3.9209610e+00   1.7406242e+01   3.9585305e+00   1.7532883e+01
  -1.5000000e+02   1.5000000e+02  -3.0000000e+01   4.0000000e+00   4.0310475e+00   1.7583092e+01   4.0654512e+00   1.7642606e+01
  -1.0000000e+02   1.5000000e+02  -3.0000000e+01   4.0000000e+00   4.1581527e+00   1.7795609e+01   4.1486666e+00   1.7628798e+01
  -5.0000000e+01   1.5000000e+02  -3.0000000e+01   4.0000000e+00   4.3212280e+00   1.8089083e+01   4.2022861e+00   1.7649737e+01
   0.0000000e+00   1.5000000e+02  -3.0000000e+01   4.0000000e+00   4.4118678e+00   1.8252268e+01   4.2238981e+00   1.7685686e+01
   5.0000000e+01   1.5000000e+02  -3.0000000e+01   4.0000000e+00   4.3212280e+00   1.8089083e+01   4.2022861e+00   1.7649737e+01
   1.0000000e+02   1.5000000e+02  -3.0000000e+01   4.0000000e+00   4.1581527e+00   1.7795609e+01   4.1486666e+00   1.7628798e+01
   1.5000000e+02   1.5000000e+02  -3.0000000e+01   4.0000000e+00   4.0310475e+00   1.7583092e+01   4.0654512e+00   1.7642606e+01
   2.0000000e+02   1.5000000e+02  -3.0000000e+01   4.0000000e+00   3.9209610e+00   1.7406242e+01   3.9585305e+00   1.7532883e+01
   2.5000000e+02   1.5000000e+02  -3.0000000e+01   4.0000000e+00   3.8275314e+00   1.7277239e+01   3.8600618e+00   1.7383545e+01
  -2.5000000e+02   2.0000000e+02  -3.0000000e+01   4.0000000e+00   3.7693592e+00   1.7234797e+01   3.7907118e+00   1.7328856e+01
  -2.0000000e+02   2.0000000e+02  -3.0000000e+01   4.0000000e+00   3.8061099e+00   1.7296844e+01   3.8292391e+00   1.7429663e+01
  -1.5000000e+02   2.0000000e+02  -3.0000000e+01   4.0000000e+00   3.8275365e+00   1.7358506e+01   3.8521057e+00   1.7521225e+01
  -1.0000000e+02   2.0000000e+02  -3.0000000e+01   4.0000000e+00   3.8332498e+00   1.7415476e+01   3.8465521e+00   1.7525181e+01
  -5.0000000e+01   2.0000000e+02  -3.0000000e+01   4.0000000e+00   3.8458756e+00   1.7490399e+01   3.8262910e+00   1.7500772e+01
   0.0000000e+00   2.0000000e+02  -3.0000000e+01   4.0000000e+00   3.8572080e+00   1.7533533e+01   3.8165186e+00   1.7494181e+01
   5.0000000e+01   2.0000000e+02  -3.0000000e+01   4.0000000e+00   3.8458756e+00   1.7490399e+01   3.8262910e+00   1.7500772e+01
   1.0000000e+02   2.0000000e+02  -3.0000000e+01   4.0000000e+00   3.8332498e+00   1.7415476e+01   3.8465521e+00   1.7525181e+01
   1.5000000e+02   2.0000000e+02  -3.0000000e+01   4.0000000e+00   3.8275365e+00   1.7358506e+01   3.8521057e+00   1.7521225e+01
   2.0000000e+02   2.0000000e+02  -3.0000000e+01   4.0000000e+00   3.8061099e+00   1.7296844e+01   3.8292391e+00   1.7429663e+01
   2.5000000e+02   2.0000000e+02  -3.0000000e+01   4.0000000e+00   3.7693592e+00   1.7234797e+01   3.7907118e+00   1.7328856e+01
  -2.5000000e+02   2.5000000e+02  -3.0000000e+01   4.0000000e+00   3.7288742e+00   1.7203787e+01   3.7489239e+00   1.7258901e+01
  -2.0000000e+02   2.5000000e+02  -3.0000000e+01   4.0000000e+00   3.7441644e+00   1.7239750e+01   3.7649825e+00   1.7319820e+01
  -1.5000000e+02   2.5000000e+02  -3.0000000e+01   4.0000000e+00   3.7488599e+00   1.7279430e+01   3.7676236e+00   1.7392977e+01
  -1.0000000e+02   2.5000000e+02  -3.0000000e+01   4.0000000e+00   3.7461521e+00   1.7323909e+01   3.7553611e+00   1.7439750e+01
  -5.0000000e+01   2.5000000e+02  -3.0000000e+01   4.0000000e+00   3.7458188e+00   1.7370648e+01   3.7384851e+00   1.7469055e+01
   0.0000000e+00   2.5000000e+02  -3.0000000e+01   4.0000000e+00   3.7473581e+00   1.7392909e+01   3.7309161e+00   1.7480506e+01
   5.0000000e+01   2.5000000e+02  -3.0000000e+01   4.0000000e+00   3.7458188e+00   1.7370648e+01   3.7384851e+00   1.7469055e+01
   1.0000000e+02   2.5000000e+02  -3.0000000e+01   4.0000000e+00   3.7461521e+00   1.7323909e+01   3.7553611e+00   1.7439750e+01
   1.5000000e+02   2.5000000e+02  -3.0000000e+01   4.0000000e+00   3.7488599e+00   1.7279430e+01   3.7676236e+00   1.7392977e+01
   2.0000000e+02   2.5000000e+02  -3.0000000e+01   4.0000000e+00   3.7441644e+00   1.7239750e+01   3.7649825e+00   1.7319820e+01
   2.5000000e+02   2.5000000e+02  -3.0000000e+01   4.0000000e+00   3.7288742e+00   1.7203787e+01   3.7489239e+00   1.7258901e+01
