stg=[1 2 3]; 
wordy=0; 
mfit=1e-6; 
sig0=[0.001]; 
an0=[1]; 
hh0=[]; 
srcpar{1}=[10          -250       -253.15           -30            90             0]; 
srcpar{2}=[10          -200       -253.15           -30            90             0]; 
srcpar{3}=[10          -150       -253.15           -30            90             0]; 
srcpar{4}=[10          -100       -253.15           -30            90             0]; 
srcpar{5}=[10           -50       -253.15           -30            90             0]; 
srcpar{6}=[10             0       -253.15           -30            90             0]; 
srcpar{7}=[10            50       -253.15           -30            90             0]; 
srcpar{8}=[10           100       -253.15           -30            90             0]; 
srcpar{9}=[10           150       -253.15           -30            90             0]; 
srcpar{10}=[10           200       -253.15           -30            90             0]; 
srcpar{11}=[10           250       -253.15           -30            90             0]; 
srcpar{12}=[10          -250       -203.15           -30            90             0]; 
srcpar{13}=[10          -200       -203.15           -30            90             0]; 
srcpar{14}=[10          -150       -203.15           -30            90             0]; 
srcpar{15}=[10          -100       -203.15           -30            90             0]; 
srcpar{16}=[10           -50       -203.15           -30            90             0]; 
srcpar{17}=[10             0       -203.15           -30            90             0]; 
srcpar{18}=[10            50       -203.15           -30            90             0]; 
srcpar{19}=[10           100       -203.15           -30            90             0]; 
srcpar{20}=[10           150       -203.15           -30            90             0]; 
srcpar{21}=[10           200       -203.15           -30            90             0]; 
srcpar{22}=[10           250       -203.15           -30            90             0]; 
srcpar{23}=[10          -250       -153.15           -30            90             0]; 
srcpar{24}=[10          -200       -153.15           -30            90             0]; 
srcpar{25}=[10          -150       -153.15           -30            90             0]; 
srcpar{26}=[10          -100       -153.15           -30            90             0]; 
srcpar{27}=[10           -50       -153.15           -30            90             0]; 
srcpar{28}=[10             0       -153.15           -30            90             0]; 
srcpar{29}=[10            50       -153.15           -30            90             0]; 
srcpar{30}=[10           100       -153.15           -30            90             0]; 
srcpar{31}=[10           150       -153.15           -30            90             0]; 
srcpar{32}=[10           200       -153.15           -30            90             0]; 
srcpar{33}=[10           250       -153.15           -30            90             0]; 
srcpar{34}=[10          -250       -103.15           -30            90             0]; 
srcpar{35}=[10          -200       -103.15           -30            90             0]; 
srcpar{36}=[10          -150       -103.15           -30            90             0]; 
srcpar{37}=[10          -100       -103.15           -30            90             0]; 
srcpar{38}=[10           -50       -103.15           -30            90             0]; 
srcpar{39}=[10             0       -103.15           -30            90             0]; 
srcpar{40}=[10            50       -103.15           -30            90             0]; 
srcpar{41}=[10           100       -103.15           -30            90             0]; 
srcpar{42}=[10           150       -103.15           -30            90             0]; 
srcpar{43}=[10           200       -103.15           -30            90             0]; 
srcpar{44}=[10           250       -103.15           -30            90             0]; 
srcpar{45}=[10          -250        -53.15           -30            90             0]; 
srcpar{46}=[10          -200        -53.15           -30            90             0]; 
srcpar{47}=[10          -150        -53.15           -30            90             0]; 
srcpar{48}=[10          -100        -53.15           -30            90             0]; 
srcpar{49}=[10          -50       -53.15          -30           90            0]; 
srcpar{50}=[10            0       -53.15          -30           90            0]; 
srcpar{51}=[10           50       -53.15          -30           90            0]; 
srcpar{52}=[10           100        -53.15           -30            90             0]; 
srcpar{53}=[10           150        -53.15           -30            90             0]; 
srcpar{54}=[10           200        -53.15           -30            90             0]; 
srcpar{55}=[10           250        -53.15           -30            90             0]; 
srcpar{56}=[10          -250         -3.15           -30            90             0]; 
srcpar{57}=[10          -200         -3.15           -30            90             0]; 
srcpar{58}=[10          -150         -3.15           -30            90             0]; 
srcpar{59}=[10          -100         -3.15           -30            90             0]; 
srcpar{60}=[10          -50        -3.15          -30           90            0]; 
srcpar{61}=[10            0        -3.15          -30           90            0]; 
srcpar{62}=[10           50        -3.15          -30           90            0]; 
srcpar{63}=[10           100         -3.15           -30            90             0]; 
srcpar{64}=[10           150         -3.15           -30            90             0]; 
srcpar{65}=[10           200         -3.15           -30            90             0]; 
srcpar{66}=[10           250         -3.15           -30            90             0]; 
srcpar{67}=[10          -250         46.85           -30            90             0]; 
srcpar{68}=[10          -200         46.85           -30            90             0]; 
srcpar{69}=[10          -150         46.85           -30            90             0]; 
srcpar{70}=[10          -100         46.85           -30            90             0]; 
srcpar{71}=[10          -50        46.85          -30           90            0]; 
srcpar{72}=[10            0        46.85          -30           90            0]; 
srcpar{73}=[10           50        46.85          -30           90            0]; 
srcpar{74}=[10           100         46.85           -30            90             0]; 
srcpar{75}=[10           150         46.85           -30            90             0]; 
srcpar{76}=[10           200         46.85           -30            90             0]; 
srcpar{77}=[10           250         46.85           -30            90             0]; 
srcpar{78}=[10          -250         96.85           -30            90             0]; 
srcpar{79}=[10          -200         96.85           -30            90             0]; 
srcpar{80}=[10          -150         96.85           -30            90             0]; 
srcpar{81}=[10          -100         96.85           -30            90             0]; 
srcpar{82}=[10          -50        96.85          -30           90            0]; 
srcpar{83}=[10            0        96.85          -30           90            0]; 
srcpar{84}=[10           50        96.85          -30           90            0]; 
srcpar{85}=[10           100         96.85           -30            90             0]; 
srcpar{86}=[10           150         96.85           -30            90             0]; 
srcpar{87}=[10           200         96.85           -30            90             0]; 
srcpar{88}=[10           250         96.85           -30            90             0]; 
srcpar{89}=[10          -250        146.85           -30            90             0]; 
srcpar{90}=[10          -200        146.85           -30            90             0]; 
srcpar{91}=[10          -150        146.85           -30            90             0]; 
srcpar{92}=[10          -100        146.85           -30            90             0]; 
srcpar{93}=[10           -50        146.85           -30            90             0]; 
srcpar{94}=[10             0        146.85           -30            90             0]; 
srcpar{95}=[10            50        146.85           -30            90             0]; 
srcpar{96}=[10           100        146.85           -30            90             0]; 
srcpar{97}=[10           150        146.85           -30            90             0]; 
srcpar{98}=[10           200        146.85           -30            90             0]; 
srcpar{99}=[10           250        146.85           -30            90             0]; 
srcpar{100}=[10          -250        196.85           -30            90             0]; 
srcpar{101}=[10          -200        196.85           -30            90             0]; 
srcpar{102}=[10          -150        196.85           -30            90             0]; 
srcpar{103}=[10          -100        196.85           -30            90             0]; 
srcpar{104}=[10           -50        196.85           -30            90             0]; 
srcpar{105}=[10             0        196.85           -30            90             0]; 
srcpar{106}=[10            50        196.85           -30            90             0]; 
srcpar{107}=[10           100        196.85           -30            90             0]; 
srcpar{108}=[10           150        196.85           -30            90             0]; 
srcpar{109}=[10           200        196.85           -30            90             0]; 
srcpar{110}=[10           250        196.85           -30            90             0]; 
srcpar{111}=[10          -250        246.85           -30            90             0]; 
srcpar{112}=[10          -200        246.85           -30            90             0]; 
srcpar{113}=[10          -150        246.85           -30            90             0]; 
srcpar{114}=[10          -100        246.85           -30            90             0]; 
srcpar{115}=[10           -50        246.85           -30            90             0]; 
srcpar{116}=[10             0        246.85           -30            90             0]; 
srcpar{117}=[10            50        246.85           -30            90             0]; 
srcpar{118}=[10           100        246.85           -30            90             0]; 
srcpar{119}=[10           150        246.85           -30            90             0]; 
srcpar{120}=[10           200        246.85           -30            90             0]; 
srcpar{121}=[10           250        246.85           -30            90             0]; 
solflag=6; 
x=[-95 -85 -75 -65 -55 -45 -35 -25 -15  -5   5  15  25  35  45  55  65  75  85  95]; 
y=[-95 -85 -75 -65 -55 -45 -35 -25 -15  -5   5  15  25  35  45  55  65  75  85  95]; 
z=[55  65  75  85  95]; 
dz=[10  10  10  10  10]; 
