  -2.5000000e+02  -2.5000000e+02  -3.0000000e+01   1.0000000e+00   1.0488122e+02   1.9927187e+02   1.0482977e+02   1.9996575e+02
  -2.0000000e+02  -2.5000000e+02  -3.0000000e+01   1.0000000e+00   1.0483417e+02   1.9922555e+02   1.0443735e+02   1.9982622e+02
  -1.5000000e+02  -2.5000000e+02  -3.0000000e+01   1.0000000e+00   1.0477288e+02   1.9910247e+02   1.0385558e+02   1.9948366e+02
  -1.0000000e+02  -2.5000000e+02  -3.0000000e+01   1.0000000e+00   1.0471421e+02   1.9888778e+02   1.0331437e+02   1.9902356e+02
  -5.0000000e+01  -2.5000000e+02  -3.0000000e+01   1.0000000e+00   1.0466179e+02   1.9865615e+02   1.0295230e+02   1.9866448e+02
   0.0000000e+00  -2.5000000e+02  -3.0000000e+01   1.0000000e+00   1.0463521e+02   1.9855383e+02   1.0283631e+02   1.9852430e+02
   5.0000000e+01  -2.5000000e+02  -3.0000000e+01   1.0000000e+00   1.0466179e+02   1.9865615e+02   1.0295230e+02   1.9866448e+02
   1.0000000e+02  -2.5000000e+02  -3.0000000e+01   1.0000000e+00   1.0471421e+02   1.9888778e+02   1.0331437e+02   1.9902356e+02
   1.5000000e+02  -2.5000000e+02  -3.0000000e+01   1.0000000e+00   1.0477288e+02   1.9910247e+02   1.0385558e+02   1.9948366e+02
   2.0000000e+02  -2.5000000e+02  -3.0000000e+01   1.0000000e+00   1.0483417e+02   1.9922555e+02   1.0443735e+02   1.9982622e+02
   2.5000000e+02  -2.5000000e+02  -3.0000000e+01   1.0000000e+00   1.0488122e+02   1.9927187e+02   1.0482977e+02   1.9996575e+02
  -2.5000000e+02  -2.0000000e+02  -3.0000000e+01   1.0000000e+00   1.0483418e+02   1.9922554e+02   1.0445125e+02   2.0005769e+02
  -2.0000000e+02  -2.0000000e+02  -3.0000000e+01   1.0000000e+00   1.0477954e+02   1.9903586e+02   1.0374872e+02   1.9966275e+02
  -1.5000000e+02  -2.0000000e+02  -3.0000000e+01   1.0000000e+00   1.0485043e+02   1.9859436e+02   1.0311740e+02   1.9920159e+02
  -1.0000000e+02  -2.0000000e+02  -3.0000000e+01   1.0000000e+00   1.0516952e+02   1.9786104e+02   1.0319493e+02   1.9900424e+02
  -5.0000000e+01  -2.0000000e+02  -3.0000000e+01   1.0000000e+00   1.0555287e+02   1.9701956e+02   1.0384210e+02   1.9914899e+02
   0.0000000e+00  -2.0000000e+02  -3.0000000e+01   1.0000000e+00   1.0568792e+02   1.9662148e+02   1.0424507e+02   1.9925454e+02
   5.0000000e+01  -2.0000000e+02  -3.0000000e+01   1.0000000e+00   1.0555287e+02   1.9701956e+02   1.0384210e+02   1.9914899e+02
   1.0000000e+02  -2.0000000e+02  -3.0000000e+01   1.0000000e+00   1.0516952e+02   1.9786104e+02   1.0319493e+02   1.9900424e+02
   1.5000000e+02  -2.0000000e+02  -3.0000000e+01   1.0000000e+00   1.0485043e+02   1.9859436e+02   1.0311740e+02   1.9920159e+02
   2.0000000e+02  -2.0000000e+02  -3.0000000e+01   1.0000000e+00   1.0477954e+02   1.9903586e+02   1.0374872e+02   1.9966275e+02
   2.5000000e+02  -2.0000000e+02  -3.0000000e+01   1.0000000e+00   1.0483418e+02   1.9922554e+02   1.0445125e+02   2.0005769e+02
  -2.5000000e+02  -1.5000000e+02  -3.0000000e+01   1.0000000e+00   1.0477295e+02   1.9910245e+02   1.0389519e+02   1.9993677e+02
  -2.0000000e+02  -1.5000000e+02  -3.0000000e+01   1.0000000e+00   1.0485054e+02   1.9859448e+02   1.0315891e+02   1.9954960e+02
  -1.5000000e+02  -1.5000000e+02  -3.0000000e+01   1.0000000e+00   1.0560034e+02   1.9768725e+02   1.0341563e+02   1.9890027e+02
  -1.0000000e+02  -1.5000000e+02  -3.0000000e+01   1.0000000e+00   1.0729953e+02   1.9652396e+02   1.0547619e+02   1.9803065e+02
  -5.0000000e+01  -1.5000000e+02  -3.0000000e+01   1.0000000e+00   1.0940887e+02   1.9498943e+02   1.0848391e+02   1.9655685e+02
   0.0000000e+00  -1.5000000e+02  -3.0000000e+01   1.0000000e+00   1.1023202e+02   1.9410735e+02   1.1001197e+02   1.9544889e+02
   5.0000000e+01  -1.5000000e+02  -3.0000000e+01   1.0000000e+00   1.0940887e+02   1.9498943e+02   1.0848391e+02   1.9655685e+02
   1.0000000e+02  -1.5000000e+02  -3.0000000e+01   1.0000000e+00   1.0729953e+02   1.9652396e+02   1.0547619e+02   1.9803065e+02
   1.5000000e+02  -1.5000000e+02  -3.0000000e+01   1.0000000e+00   1.0560034e+02   1.9768725e+02   1.0341563e+02   1.9890027e+02
   2.0000000e+02  -1.5000000e+02  -3.0000000e+01   1.0000000e+00   1.0485054e+02   1.9859448e+02   1.0315891e+02   1.9954960e+02
   2.5000000e+02  -1.5000000e+02  -3.0000000e+01   1.0000000e+00   1.0477295e+02   1.9910245e+02   1.0389519e+02   1.9993677e+02
  -2.5000000e+02  -1.0000000e+02  -3.0000000e+01   1.0000000e+00   1.0471443e+02   1.9888771e+02   1.0334582e+02   1.9966083e+02
  -2.0000000e+02  -1.0000000e+02  -3.0000000e+01   1.0000000e+00   1.0516987e+02   1.9786157e+02   1.0307820e+02   1.9939056e+02
  -1.5000000e+02  -1.0000000e+02  -3.0000000e+01   1.0000000e+00   1.0729846e+02   1.9652473e+02   1.0493679e+02   1.9768389e+02
  -1.0000000e+02  -1.0000000e+02  -3.0000000e+01   1.0000000e+00   1.1020056e+02   1.9519708e+02   1.0895464e+02   1.9405371e+02
  -5.0000000e+01  -1.0000000e+02  -3.0000000e+01   1.0000000e+00   1.1429420e+02   1.9272346e+02   1.1379126e+02   1.8882217e+02
   0.0000000e+00  -1.0000000e+02  -3.0000000e+01   1.0000000e+00   1.1598796e+02   1.9115513e+02   1.1610889e+02   1.8550464e+02
   5.0000000e+01  -1.0000000e+02  -3.0000000e+01   1.0000000e+00   1.1429420e+02   1.9272346e+02   1.1379126e+02   1.8882217e+02
   1.0000000e+02  -1.0000000e+02  -3.0000000e+01   1.0000000e+00   1.1020056e+02   1.9519708e+02   1.0895464e+02   1.9405371e+02
   1.5000000e+02  -1.0000000e+02  -3.0000000e+01   1.0000000e+00   1.0729846e+02   1.9652473e+02   1.0493679e+02   1.9768389e+02
   2.0000000e+02  -1.0000000e+02  -3.0000000e+01   1.0000000e+00   1.0516987e+02   1.9786157e+02   1.0307820e+02   1.9939056e+02
   2.5000000e+02  -1.0000000e+02  -3.0000000e+01   1.0000000e+00   1.0471443e+02   1.9888771e+02   1.0334582e+02   1.9966083e+02
  -2.5000000e+02  -5.0000000e+01  -3.0000000e+01   1.0000000e+00   1.0466215e+02   1.9865602e+02   1.0293790e+02   1.9927342e+02
  -2.0000000e+02  -5.0000000e+01  -3.0000000e+01   1.0000000e+00   1.0555362e+02   1.9702031e+02   1.0325269e+02   1.9874511e+02
  -1.5000000e+02  -5.0000000e+01  -3.0000000e+01   1.0000000e+00   1.0940850e+02   1.9499003e+02   1.0684581e+02   1.9552214e+02
  -1.0000000e+02  -5.0000000e+01  -3.0000000e+01   1.0000000e+00   1.1430401e+02   1.9272145e+02   1.1338437e+02   1.9111875e+02
  -5.0000000e+01  -5.0000000e+01  -3.0000000e+01   1.0000000e+00   1.2155998e+02   1.8744311e+02   1.2321904e+02   1.8705804e+02
   0.0000000e+00  -5.0000000e+01  -3.0000000e+01   1.0000000e+00   1.2416156e+02   1.8435421e+02   1.2930657e+02   1.8378764e+02
   5.0000000e+01  -5.0000000e+01  -3.0000000e+01   1.0000000e+00   1.2155998e+02   1.8744311e+02   1.2321904e+02   1.8705804e+02
   1.0000000e+02  -5.0000000e+01  -3.0000000e+01   1.0000000e+00   1.1430401e+02   1.9272145e+02   1.1338437e+02   1.9111875e+02
   1.5000000e+02  -5.0000000e+01  -3.0000000e+01   1.0000000e+00   1.0940850e+02   1.9499003e+02   1.0684581e+02   1.9552214e+02
   2.0000000e+02  -5.0000000e+01  -3.0000000e+01   1.0000000e+00   1.0555362e+02   1.9702031e+02   1.0325269e+02   1.9874511e+02
   2.5000000e+02  -5.0000000e+01  -3.0000000e+01   1.0000000e+00   1.0466215e+02   1.9865602e+02   1.0293790e+02   1.9927342e+02
  -2.5000000e+02   0.0000000e+00  -3.0000000e+01   1.0000000e+00   1.0463563e+02   1.9855366e+02   1.0277404e+02   1.9904178e+02
  -2.0000000e+02   0.0000000e+00  -3.0000000e+01   1.0000000e+00   1.0568881e+02   1.9662222e+02   1.0333103e+02   1.9824741e+02
  -1.5000000e+02   0.0000000e+00  -3.0000000e+01   1.0000000e+00   1.1023213e+02   1.9410728e+02   1.0765899e+02   1.9422267e+02
  -1.0000000e+02   0.0000000e+00  -3.0000000e+01   1.0000000e+00   1.1600145e+02   1.9115012e+02   1.1526696e+02   1.8979684e+02
  -5.0000000e+01   0.0000000e+00  -3.0000000e+01   1.0000000e+00   1.2416555e+02   1.8435047e+02   1.2716308e+02   1.8673230e+02
   0.0000000e+00   0.0000000e+00  -3.0000000e+01   1.0000000e+00   1.2698479e+02   1.8046768e+02   1.3433907e+02   1.8333763e+02
   5.0000000e+01   0.0000000e+00  -3.0000000e+01   1.0000000e+00   1.2416555e+02   1.8435047e+02   1.2716308e+02   1.8673230e+02
   1.0000000e+02   0.0000000e+00  -3.0000000e+01   1.0000000e+00   1.1600145e+02   1.9115012e+02   1.1526696e+02   1.8979684e+02
   1.5000000e+02   0.0000000e+00  -3.0000000e+01   1.0000000e+00   1.1023213e+02   1.9410728e+02   1.0765899e+02   1.9422267e+02
   2.0000000e+02   0.0000000e+00  -3.0000000e+01   1.0000000e+00   1.0568881e+02   1.9662222e+02   1.0333103e+02   1.9824741e+02
   2.5000000e+02   0.0000000e+00  -3.0000000e+01   1.0000000e+00   1.0463563e+02   1.9855366e+02   1.0277404e+02   1.9904178e+02
  -2.5000000e+02   5.0000000e+01  -3.0000000e+01   1.0000000e+00   1.0466217e+02   1.9865607e+02   1.0291214e+02   1.9921849e+02
  -2.0000000e+02   5.0000000e+01  -3.0000000e+01   1.0000000e+00   1.0555358e+02   1.9702046e+02   1.0322183e+02   1.9866169e+02
  -1.5000000e+02   5.0000000e+01  -3.0000000e+01   1.0000000e+00   1.0940851e+02   1.9499028e+02   1.0682416e+02   1.9535244e+02
  -1.0000000e+02   5.0000000e+01  -3.0000000e+01   1.0000000e+00   1.1430454e+02   1.9272177e+02   1.1337557e+02   1.9085116e+02
  -5.0000000e+01   5.0000000e+01  -3.0000000e+01   1.0000000e+00   1.2156127e+02   1.8744331e+02   1.2323810e+02   1.8692140e+02
   0.0000000e+00   5.0000000e+01  -3.0000000e+01   1.0000000e+00   1.2416292e+02   1.8435439e+02   1.2935959e+02   1.8378396e+02
   5.0000000e+01   5.0000000e+01  -3.0000000e+01   1.0000000e+00   1.2156127e+02   1.8744331e+02   1.2323810e+02   1.8692140e+02
   1.0000000e+02   5.0000000e+01  -3.0000000e+01   1.0000000e+00   1.1430454e+02   1.9272177e+02   1.1337557e+02   1.9085116e+02
   1.5000000e+02   5.0000000e+01  -3.0000000e+01   1.0000000e+00   1.0940851e+02   1.9499028e+02   1.0682416e+02   1.9535244e+02
   2.0000000e+02   5.0000000e+01  -3.0000000e+01   1.0000000e+00   1.0555358e+02   1.9702046e+02   1.0322183e+02   1.9866169e+02
   2.5000000e+02   5.0000000e+01  -3.0000000e+01   1.0000000e+00   1.0466217e+02   1.9865607e+02   1.0291214e+02   1.9921849e+02
  -2.5000000e+02   1.0000000e+02  -3.0000000e+01   1.0000000e+00   1.0471444e+02   1.9888779e+02   1.0330458e+02   1.9957967e+02
  -2.0000000e+02   1.0000000e+02  -3.0000000e+01   1.0000000e+00   1.0516980e+02   1.9786176e+02   1.0302198e+02   1.9926526e+02
  -1.5000000e+02   1.0000000e+02  -3.0000000e+01   1.0000000e+00   1.0729851e+02   1.9652501e+02   1.0489252e+02   1.9746833e+02
  -1.0000000e+02   1.0000000e+02  -3.0000000e+01   1.0000000e+00   1.1020207e+02   1.9519766e+02   1.0894261e+02   1.9367984e+02
  -5.0000000e+01   1.0000000e+02  -3.0000000e+01   1.0000000e+00   1.1429790e+02   1.9272397e+02   1.1379736e+02   1.8831845e+02
   0.0000000e+00   1.0000000e+02  -3.0000000e+01   1.0000000e+00   1.1599190e+02   1.9115551e+02   1.1613870e+02   1.8499297e+02
   5.0000000e+01   1.0000000e+02  -3.0000000e+01   1.0000000e+00   1.1429790e+02   1.9272397e+02   1.1379736e+02   1.8831845e+02
   1.0000000e+02   1.0000000e+02  -3.0000000e+01   1.0000000e+00   1.1020207e+02   1.9519766e+02   1.0894261e+02   1.9367984e+02
   1.5000000e+02   1.0000000e+02  -3.0000000e+01   1.0000000e+00   1.0729851e+02   1.9652501e+02   1.0489252e+02   1.9746833e+02
   2.0000000e+02   1.0000000e+02  -3.0000000e+01   1.0000000e+00   1.0516980e+02   1.9786176e+02   1.0302198e+02   1.9926526e+02
   2.5000000e+02   1.0000000e+02  -3.0000000e+01   1.0000000e+00   1.0471444e+02   1.9888779e+02   1.0330458e+02   1.9957967e+02
  -2.5000000e+02   1.5000000e+02  -3.0000000e+01   1.0000000e+00   1.0477297e+02   1.9910250e+02   1.0385099e+02   1.9985474e+02
  -2.0000000e+02   1.5000000e+02  -3.0000000e+01   1.0000000e+00   1.0485053e+02   1.9859463e+02   1.0308931e+02   1.9942253e+02
  -1.5000000e+02   1.5000000e+02  -3.0000000e+01   1.0000000e+00   1.0560033e+02   1.9768749e+02   1.0334408e+02   1.9874086e+02
  -1.0000000e+02   1.5000000e+02  -3.0000000e+01   1.0000000e+00   1.0729997e+02   1.9652434e+02   1.0541346e+02   1.9776077e+02
  -5.0000000e+01   1.5000000e+02  -3.0000000e+01   1.0000000e+00   1.0941004e+02   1.9498982e+02   1.0841353e+02   1.9605061e+02
   0.0000000e+00   1.5000000e+02  -3.0000000e+01   1.0000000e+00   1.1023324e+02   1.9410771e+02   1.0992839e+02   1.9481338e+02
   5.0000000e+01   1.5000000e+02  -3.0000000e+01   1.0000000e+00   1.0941004e+02   1.9498982e+02   1.0841353e+02   1.9605061e+02
   1.0000000e+02   1.5000000e+02  -3.0000000e+01   1.0000000e+00   1.0729997e+02   1.9652434e+02   1.0541346e+02   1.9776077e+02
   1.5000000e+02   1.5000000e+02  -3.0000000e+01   1.0000000e+00   1.0560033e+02   1.9768749e+02   1.0334408e+02   1.9874086e+02
   2.0000000e+02   1.5000000e+02  -3.0000000e+01   1.0000000e+00   1.0485053e+02   1.9859463e+02   1.0308931e+02   1.9942253e+02
   2.5000000e+02   1.5000000e+02  -3.0000000e+01   1.0000000e+00   1.0477297e+02   1.9910250e+02   1.0385099e+02   1.9985474e+02
  -2.5000000e+02   2.0000000e+02  -3.0000000e+01   1.0000000e+00   1.0483421e+02   1.9922557e+02   1.0441052e+02   1.9998550e+02
  -2.0000000e+02   2.0000000e+02  -3.0000000e+01   1.0000000e+00   1.0477957e+02   1.9903594e+02   1.0367767e+02   1.9954287e+02
  -1.5000000e+02   2.0000000e+02  -3.0000000e+01   1.0000000e+00   1.0485047e+02   1.9859452e+02   1.0302967e+02   1.9906713e+02
  -1.0000000e+02   2.0000000e+02  -3.0000000e+01   1.0000000e+00   1.0516964e+02   1.9786131e+02   1.0311004e+02   1.9887411e+02
  -5.0000000e+01   2.0000000e+02  -3.0000000e+01   1.0000000e+00   1.0555311e+02   1.9701991e+02   1.0377712e+02   1.9905954e+02
   0.0000000e+00   2.0000000e+02  -3.0000000e+01   1.0000000e+00   1.0568818e+02   1.9662187e+02   1.0419364e+02   1.9919918e+02
   5.0000000e+01   2.0000000e+02  -3.0000000e+01   1.0000000e+00   1.0555311e+02   1.9701991e+02   1.0377712e+02   1.9905954e+02
   1.0000000e+02   2.0000000e+02  -3.0000000e+01   1.0000000e+00   1.0516964e+02   1.9786131e+02   1.0311004e+02   1.9887411e+02
   1.5000000e+02   2.0000000e+02  -3.0000000e+01   1.0000000e+00   1.0485047e+02   1.9859452e+02   1.0302967e+02   1.9906713e+02
   2.0000000e+02   2.0000000e+02  -3.0000000e+01   1.0000000e+00   1.0477957e+02   1.9903594e+02   1.0367767e+02   1.9954287e+02
   2.5000000e+02   2.0000000e+02  -3.0000000e+01   1.0000000e+00   1.0483421e+02   1.9922557e+02   1.0441052e+02   1.9998550e+02
  -2.5000000e+02   2.5000000e+02  -3.0000000e+01   1.0000000e+00   1.0488123e+02   1.9927188e+02   1.0479813e+02   1.9992700e+02
  -2.0000000e+02   2.5000000e+02  -3.0000000e+01   1.0000000e+00   1.0483420e+02   1.9922558e+02   1.0437839e+02   1.9974001e+02
  -1.5000000e+02   2.5000000e+02  -3.0000000e+01   1.0000000e+00   1.0477293e+02   1.9910254e+02   1.0377394e+02   1.9936727e+02
  -1.0000000e+02   2.5000000e+02  -3.0000000e+01   1.0000000e+00   1.0471430e+02   1.9888787e+02   1.0321656e+02   1.9887786e+02
  -5.0000000e+01   2.5000000e+02  -3.0000000e+01   1.0000000e+00   1.0466191e+02   1.9865628e+02   1.0284750e+02   1.9849531e+02
   0.0000000e+00   2.5000000e+02  -3.0000000e+01   1.0000000e+00   1.0463534e+02   1.9855396e+02   1.0273037e+02   1.9834630e+02
   5.0000000e+01   2.5000000e+02  -3.0000000e+01   1.0000000e+00   1.0466191e+02   1.9865628e+02   1.0284750e+02   1.9849531e+02
   1.0000000e+02   2.5000000e+02  -3.0000000e+01   1.0000000e+00   1.0471430e+02   1.9888787e+02   1.0321656e+02   1.9887786e+02
   1.5000000e+02   2.5000000e+02  -3.0000000e+01   1.0000000e+00   1.0477293e+02   1.9910254e+02   1.0377394e+02   1.9936727e+02
   2.0000000e+02   2.5000000e+02  -3.0000000e+01   1.0000000e+00   1.0483420e+02   1.9922558e+02   1.0437839e+02   1.9974001e+02
   2.5000000e+02   2.5000000e+02  -3.0000000e+01   1.0000000e+00   1.0488123e+02   1.9927188e+02   1.0479813e+02   1.9992700e+02
  -2.5000000e+02  -2.5000000e+02  -3.0000000e+01   2.0000000e+00   2.0986636e+01   8.6771713e+01   2.1003060e+01   8.6703077e+01
  -2.0000000e+02  -2.5000000e+02  -3.0000000e+01   2.0000000e+00   2.1229188e+01   8.6867393e+01   2.1292714e+01   8.6687478e+01
  -1.5000000e+02  -2.5000000e+02  -3.0000000e+01   2.0000000e+00   2.1563358e+01   8.7060179e+01   2.1683641e+01   8.6772761e+01
  -1.0000000e+02  -2.5000000e+02  -3.0000000e+01   2.0000000e+00   2.1966363e+01   8.7351726e+01   2.2140258e+01   8.7023880e+01
  -5.0000000e+01  -2.5000000e+02  -3.0000000e+01   2.0000000e+00   2.2331795e+01   8.7647429e+01   2.2537521e+01   8.7352519e+01
   0.0000000e+00  -2.5000000e+02  -3.0000000e+01   2.0000000e+00   2.2484458e+01   8.7775547e+01   2.2700105e+01   8.7509935e+01
   5.0000000e+01  -2.5000000e+02  -3.0000000e+01   2.0000000e+00   2.2331795e+01   8.7647429e+01   2.2537521e+01   8.7352519e+01
   1.0000000e+02  -2.5000000e+02  -3.0000000e+01   2.0000000e+00   2.1966363e+01   8.7351726e+01   2.2140258e+01   8.7023880e+01
   1.5000000e+02  -2.5000000e+02  -3.0000000e+01   2.0000000e+00   2.1563358e+01   8.7060179e+01   2.1683641e+01   8.6772761e+01
   2.0000000e+02  -2.5000000e+02  -3.0000000e+01   2.0000000e+00   2.1229188e+01   8.6867393e+01   2.1292714e+01   8.6687478e+01
   2.5000000e+02  -2.5000000e+02  -3.0000000e+01   2.0000000e+00   2.0986636e+01   8.6771713e+01   2.1003060e+01   8.6703077e+01
  -2.5000000e+02  -2.0000000e+02  -3.0000000e+01   2.0000000e+00   2.1228303e+01   8.6866932e+01   2.1271444e+01   8.6726641e+01
  -2.0000000e+02  -2.0000000e+02  -3.0000000e+01   2.0000000e+00   2.1644546e+01   8.7128902e+01   2.1784747e+01   8.6889842e+01
  -1.5000000e+02  -2.0000000e+02  -3.0000000e+01   2.0000000e+00   2.2232790e+01   8.7643009e+01   2.2513625e+01   8.7507665e+01
  -1.0000000e+02  -2.0000000e+02  -3.0000000e+01   2.0000000e+00   2.2995590e+01   8.8463910e+01   2.3412762e+01   8.8740039e+01
  -5.0000000e+01  -2.0000000e+02  -3.0000000e+01   2.0000000e+00   2.3765818e+01   8.9366327e+01   2.4244960e+01   9.0189636e+01
   0.0000000e+00  -2.0000000e+02  -3.0000000e+01   2.0000000e+00   2.4109701e+01   8.9770607e+01   2.4600889e+01   9.0867383e+01
   5.0000000e+01  -2.0000000e+02  -3.0000000e+01   2.0000000e+00   2.3765818e+01   8.9366327e+01   2.4244960e+01   9.0189636e+01
   1.0000000e+02  -2.0000000e+02  -3.0000000e+01   2.0000000e+00   2.2995590e+01   8.8463910e+01   2.3412762e+01   8.8740039e+01
   1.5000000e+02  -2.0000000e+02  -3.0000000e+01   2.0000000e+00   2.2232790e+01   8.7643009e+01   2.2513625e+01   8.7507665e+01
   2.0000000e+02  -2.0000000e+02  -3.0000000e+01   2.0000000e+00   2.1644546e+01   8.7128902e+01   2.1784747e+01   8.6889842e+01
   2.5000000e+02  -2.0000000e+02  -3.0000000e+01   2.0000000e+00   2.1228303e+01   8.6866932e+01   2.1271444e+01   8.6726641e+01
  -2.5000000e+02  -1.5000000e+02  -3.0000000e+01   2.0000000e+00   2.1560419e+01   8.7058039e+01   2.1620813e+01   8.6814235e+01
  -2.0000000e+02  -1.5000000e+02  -3.0000000e+01   2.0000000e+00   2.2230592e+01   8.7640457e+01   2.2452419e+01   8.7491955e+01
  -1.5000000e+02  -1.5000000e+02  -3.0000000e+01   2.0000000e+00   2.3147109e+01   8.8731296e+01   2.3648956e+01   8.9058390e+01
  -1.0000000e+02  -1.5000000e+02  -3.0000000e+01   2.0000000e+00   2.4350589e+01   9.0443960e+01   2.5112542e+01   9.1497128e+01
  -5.0000000e+01  -1.5000000e+02  -3.0000000e+01   2.0000000e+00   2.5781852e+01   9.2583049e+01   2.6501854e+01   9.3982721e+01
   0.0000000e+00  -1.5000000e+02  -3.0000000e+01   2.0000000e+00   2.6494829e+01   9.3599750e+01   2.7121830e+01   9.5047490e+01
   5.0000000e+01  -1.5000000e+02  -3.0000000e+01   2.0000000e+00   2.5781852e+01   9.2583049e+01   2.6501854e+01   9.3982721e+01
   1.0000000e+02  -1.5000000e+02  -3.0000000e+01   2.0000000e+00   2.4350589e+01   9.0443960e+01   2.5112542e+01   9.1497128e+01
   1.5000000e+02  -1.5000000e+02  -3.0000000e+01   2.0000000e+00   2.3147109e+01   8.8731296e+01   2.3648956e+01   8.9058390e+01
   2.0000000e+02  -1.5000000e+02  -3.0000000e+01   2.0000000e+00   2.2230592e+01   8.7640457e+01   2.2452419e+01   8.7491955e+01
   2.5000000e+02  -1.5000000e+02  -3.0000000e+01   2.0000000e+00   2.1560419e+01   8.7058039e+01   2.1620813e+01   8.6814235e+01
  -2.5000000e+02  -1.0000000e+02  -3.0000000e+01   2.0000000e+00   2.1959164e+01   8.7345382e+01   2.2012348e+01   8.7000834e+01
  -2.0000000e+02  -1.0000000e+02  -3.0000000e+01   2.0000000e+00   2.2988001e+01   8.8453186e+01   2.3231448e+01   8.8437846e+01
  -1.5000000e+02  -1.0000000e+02  -3.0000000e+01   2.0000000e+00   2.4348179e+01   9.0438810e+01   2.4967536e+01   9.0938141e+01
  -1.0000000e+02  -1.0000000e+02  -3.0000000e+01   2.0000000e+00   2.6082710e+01   9.3041762e+01   2.6984738e+01   9.3962713e+01
  -5.0000000e+01  -1.0000000e+02  -3.0000000e+01   2.0000000e+00   2.8866886e+01   9.7200228e+01   2.9013419e+01   9.6971546e+01
   0.0000000e+00  -1.0000000e+02  -3.0000000e+01   2.0000000e+00   3.0478969e+01   9.9400657e+01   3.0065801e+01   9.8434906e+01
   5.0000000e+01  -1.0000000e+02  -3.0000000e+01   2.0000000e+00   2.8866886e+01   9.7200228e+01   2.9013419e+01   9.6971546e+01
   1.0000000e+02  -1.0000000e+02  -3.0000000e+01   2.0000000e+00   2.6082710e+01   9.3041762e+01   2.6984738e+01   9.3962713e+01
   1.5000000e+02  -1.0000000e+02  -3.0000000e+01   2.0000000e+00   2.4348179e+01   9.0438810e+01   2.4967536e+01   9.0938141e+01
   2.0000000e+02  -1.0000000e+02  -3.0000000e+01   2.0000000e+00   2.2988001e+01   8.8453186e+01   2.3231448e+01   8.8437846e+01
   2.5000000e+02  -1.0000000e+02  -3.0000000e+01   2.0000000e+00   2.1959164e+01   8.7345382e+01   2.2012348e+01   8.7000834e+01
  -2.5000000e+02  -5.0000000e+01  -3.0000000e+01   2.0000000e+00   2.2317690e+01   8.7634087e+01   2.2340333e+01   8.7183191e+01
  -2.0000000e+02  -5.0000000e+01  -3.0000000e+01   2.0000000e+00   2.3745958e+01   8.9337531e+01   2.3921319e+01   8.9261765e+01
  -1.5000000e+02  -5.0000000e+01  -3.0000000e+01   2.0000000e+00   2.5764312e+01   9.2550871e+01   2.6254208e+01   9.2645270e+01
  -1.0000000e+02  -5.0000000e+01  -3.0000000e+01   2.0000000e+00   2.8842387e+01   9.7169373e+01   2.9302330e+01   9.7552989e+01
  -5.0000000e+01  -5.0000000e+01  -3.0000000e+01   2.0000000e+00   3.5129344e+01   1.0599214e+02   3.3743534e+01   1.0591676e+02
   0.0000000e+00  -5.0000000e+01  -3.0000000e+01   2.0000000e+00   3.8968094e+01   1.1067515e+02   3.6755416e+01   1.1155641e+02
   5.0000000e+01  -5.0000000e+01  -3.0000000e+01   2.0000000e+00   3.5129344e+01   1.0599214e+02   3.3743534e+01   1.0591676e+02
   1.0000000e+02  -5.0000000e+01  -3.0000000e+01   2.0000000e+00   2.8842387e+01   9.7169373e+01   2.9302330e+01   9.7552989e+01
   1.5000000e+02  -5.0000000e+01  -3.0000000e+01   2.0000000e+00   2.5764312e+01   9.2550871e+01   2.6254208e+01   9.2645270e+01
   2.0000000e+02  -5.0000000e+01  -3.0000000e+01   2.0000000e+00   2.3745958e+01   8.9337531e+01   2.3921319e+01   8.9261765e+01
   2.5000000e+02  -5.0000000e+01  -3.0000000e+01   2.0000000e+00   2.2317690e+01   8.7634087e+01   2.2340333e+01   8.7183191e+01
  -2.5000000e+02   0.0000000e+00  -3.0000000e+01   2.0000000e+00   2.2463384e+01   8.7755710e+01   2.2467498e+01   8.7245867e+01
  -2.0000000e+02   0.0000000e+00  -3.0000000e+01   2.0000000e+00   2.4074716e+01   8.9722420e+01   2.4201560e+01   8.9559736e+01
  -1.5000000e+02   0.0000000e+00  -3.0000000e+01   2.0000000e+00   2.6447969e+01   9.3523888e+01   2.6831833e+01   9.3341409e+01
  -1.0000000e+02   0.0000000e+00  -3.0000000e+01   2.0000000e+00   3.0386263e+01   9.9277720e+01   3.0594466e+01   9.9539677e+01
  -5.0000000e+01   0.0000000e+00  -3.0000000e+01   2.0000000e+00   3.8821809e+01   1.1049339e+02   3.6901164e+01   1.1165170e+02
   0.0000000e+00   0.0000000e+00  -3.0000000e+01   2.0000000e+00   4.4045720e+01   1.1650717e+02   4.1322682e+01   1.1990147e+02
   5.0000000e+01   0.0000000e+00  -3.0000000e+01   2.0000000e+00   3.8821809e+01   1.1049339e+02   3.6901164e+01   1.1165170e+02
   1.0000000e+02   0.0000000e+00  -3.0000000e+01   2.0000000e+00   3.0386263e+01   9.9277720e+01   3.0594466e+01   9.9539677e+01
   1.5000000e+02   0.0000000e+00  -3.0000000e+01   2.0000000e+00   2.6447969e+01   9.3523888e+01   2.6831833e+01   9.3341409e+01
   2.0000000e+02   0.0000000e+00  -3.0000000e+01   2.0000000e+00   2.4074716e+01   8.9722420e+01   2.4201560e+01   8.9559736e+01
   2.5000000e+02   0.0000000e+00  -3.0000000e+01   2.0000000e+00   2.2463384e+01   8.7755710e+01   2.2467498e+01   8.7245867e+01
  -2.5000000e+02   5.0000000e+01  -3.0000000e+01   2.0000000e+00   2.2307995e+01   8.7626056e+01   2.2328898e+01   8.7163019e+01
  -2.0000000e+02   5.0000000e+01  -3.0000000e+01   2.0000000e+00   2.3724480e+01   8.9312284e+01   2.3897788e+01   8.9225047e+01
  -1.5000000e+02   5.0000000e+01  -3.0000000e+01   2.0000000e+00   2.5720925e+01   9.2487592e+01   2.6209285e+01   9.2567173e+01
  -1.0000000e+02   5.0000000e+01  -3.0000000e+01   2.0000000e+00   2.8747418e+01   9.7032742e+01   2.9215116e+01   9.7343097e+01
  -5.0000000e+01   5.0000000e+01  -3.0000000e+01   2.0000000e+00   3.4903948e+01   1.0569636e+02   3.3568632e+01   1.0548033e+02
   0.0000000e+00   5.0000000e+01  -3.0000000e+01   2.0000000e+00   3.8659485e+01   1.1029363e+02   3.6519553e+01   1.1099190e+02
   5.0000000e+01   5.0000000e+01  -3.0000000e+01   2.0000000e+00   3.4903948e+01   1.0569636e+02   3.3568632e+01   1.0548033e+02
   1.0000000e+02   5.0000000e+01  -3.0000000e+01   2.0000000e+00   2.8747418e+01   9.7032742e+01   2.9215116e+01   9.7343097e+01
   1.5000000e+02   5.0000000e+01  -3.0000000e+01   2.0000000e+00   2.5720925e+01   9.2487592e+01   2.6209285e+01   9.2567173e+01
   2.0000000e+02   5.0000000e+01  -3.0000000e+01   2.0000000e+00   2.3724480e+01   8.9312284e+01   2.3897788e+01   8.9225047e+01
   2.5000000e+02   5.0000000e+01  -3.0000000e+01   2.0000000e+00   2.2307995e+01   8.7626056e+01   2.2328898e+01   8.7163019e+01
  -2.5000000e+02   1.0000000e+02  -3.0000000e+01   2.0000000e+00   2.1945310e+01   8.7334667e+01   2.1994517e+01   8.6969981e+01
  -2.0000000e+02   1.0000000e+02  -3.0000000e+01   2.0000000e+00   2.2960252e+01   8.8421573e+01   2.3196605e+01   8.8378513e+01
  -1.5000000e+02   1.0000000e+02  -3.0000000e+01   2.0000000e+00   2.4301215e+01   9.0369043e+01   2.4909524e+01   9.0847076e+01
  -1.0000000e+02   1.0000000e+02  -3.0000000e+01   2.0000000e+00   2.6007117e+01   9.2929843e+01   2.6903933e+01   9.3797273e+01
  -5.0000000e+01   1.0000000e+02  -3.0000000e+01   2.0000000e+00   2.8713200e+01   9.6979983e+01   2.8910642e+01   9.6705038e+01
   0.0000000e+00   1.0000000e+02  -3.0000000e+01   2.0000000e+00   3.0273994e+01   9.9118742e+01   2.9950196e+01   9.8132888e+01
   5.0000000e+01   1.0000000e+02  -3.0000000e+01   2.0000000e+00   2.8713200e+01   9.6979983e+01   2.8910642e+01   9.6705038e+01
   1.0000000e+02   1.0000000e+02  -3.0000000e+01   2.0000000e+00   2.6007117e+01   9.2929843e+01   2.6903933e+01   9.3797273e+01
   1.5000000e+02   1.0000000e+02  -3.0000000e+01   2.0000000e+00   2.4301215e+01   9.0369043e+01   2.4909524e+01   9.0847076e+01
   2.0000000e+02   1.0000000e+02  -3.0000000e+01   2.0000000e+00   2.2960252e+01   8.8421573e+01   2.3196605e+01   8.8378513e+01
   2.5000000e+02   1.0000000e+02  -3.0000000e+01   2.0000000e+00   2.1945310e+01   8.7334667e+01   2.1994517e+01   8.6969981e+01
  -2.5000000e+02   1.5000000e+02  -3.0000000e+01   2.0000000e+00   2.1547674e+01   8.7049732e+01   2.1602216e+01   8.6781610e+01
  -2.0000000e+02   1.5000000e+02  -3.0000000e+01   2.0000000e+00   2.2207568e+01   8.7617945e+01   2.2417254e+01   8.7425332e+01
  -1.5000000e+02   1.5000000e+02  -3.0000000e+01   2.0000000e+00   2.3111874e+01   8.8684813e+01   2.3591973e+01   8.8960085e+01
  -1.0000000e+02   1.5000000e+02  -3.0000000e+01   2.0000000e+00   2.4301195e+01   9.0366915e+01   2.5034286e+01   9.1348375e+01
  -5.0000000e+01   1.5000000e+02  -3.0000000e+01   2.0000000e+00   2.5705579e+01   9.2456215e+01   2.6407932e+01   9.3756856e+01
   0.0000000e+00   1.5000000e+02  -3.0000000e+01   2.0000000e+00   2.6401704e+01   9.3445977e+01   2.7021773e+01   9.4782675e+01
   5.0000000e+01   1.5000000e+02  -3.0000000e+01   2.0000000e+00   2.5705579e+01   9.2456215e+01   2.6407932e+01   9.3756856e+01
   1.0000000e+02   1.5000000e+02  -3.0000000e+01   2.0000000e+00   2.4301195e+01   9.0366915e+01   2.5034286e+01   9.1348375e+01
   1.5000000e+02   1.5000000e+02  -3.0000000e+01   2.0000000e+00   2.3111874e+01   8.8684813e+01   2.3591973e+01   8.8960085e+01
   2.0000000e+02   1.5000000e+02  -3.0000000e+01   2.0000000e+00   2.2207568e+01   8.7617945e+01   2.2417254e+01   8.7425332e+01
   2.5000000e+02   1.5000000e+02  -3.0000000e+01   2.0000000e+00   2.1547674e+01   8.7049732e+01   2.1602216e+01   8.6781610e+01
  -2.5000000e+02   2.0000000e+02  -3.0000000e+01   2.0000000e+00   2.1218583e+01   8.6862262e+01   2.1255599e+01   8.6698832e+01
  -2.0000000e+02   2.0000000e+02  -3.0000000e+01   2.0000000e+00   2.1627705e+01   8.7116403e+01   2.1755598e+01   8.6835684e+01
  -1.5000000e+02   2.0000000e+02  -3.0000000e+01   2.0000000e+00   2.2205870e+01   8.7615531e+01   2.2465714e+01   8.7418245e+01
  -1.0000000e+02   2.0000000e+02  -3.0000000e+01   2.0000000e+00   2.2954161e+01   8.8411232e+01   2.3342829e+01   8.8600544e+01
  -5.0000000e+01   2.0000000e+02  -3.0000000e+01   2.0000000e+00   2.3706525e+01   8.9283032e+01   2.4155607e+01   9.0002823e+01
   0.0000000e+00   2.0000000e+02  -3.0000000e+01   2.0000000e+00   2.4041507e+01   8.9673060e+01   2.4503490e+01   9.0662496e+01
   5.0000000e+01   2.0000000e+02  -3.0000000e+01   2.0000000e+00   2.3706525e+01   8.9283032e+01   2.4155607e+01   9.0002823e+01
   1.0000000e+02   2.0000000e+02  -3.0000000e+01   2.0000000e+00   2.2954161e+01   8.8411232e+01   2.3342829e+01   8.8600544e+01
   1.5000000e+02   2.0000000e+02  -3.0000000e+01   2.0000000e+00   2.2205870e+01   8.7615531e+01   2.2465714e+01   8.7418245e+01
   2.0000000e+02   2.0000000e+02  -3.0000000e+01   2.0000000e+00   2.1627705e+01   8.7116403e+01   2.1755598e+01   8.6835684e+01
   2.5000000e+02   2.0000000e+02  -3.0000000e+01   2.0000000e+00   2.1218583e+01   8.6862262e+01   2.1255599e+01   8.6698832e+01
  -2.5000000e+02   2.5000000e+02  -3.0000000e+01   2.0000000e+00   2.0979908e+01   8.6769778e+01   2.0991434e+01   8.6693062e+01
  -2.0000000e+02   2.5000000e+02  -3.0000000e+01   2.0000000e+00   2.1217740e+01   8.6861742e+01   2.1272110e+01   8.6661136e+01
  -1.5000000e+02   2.5000000e+02  -3.0000000e+01   2.0000000e+00   2.1544934e+01   8.7047412e+01   2.1650727e+01   8.6724501e+01
  -1.0000000e+02   2.5000000e+02  -3.0000000e+01   2.0000000e+00   2.1938507e+01   8.7327837e+01   2.2092729e+01   8.6938856e+01
  -5.0000000e+01   2.5000000e+02  -3.0000000e+01   2.0000000e+00   2.2294323e+01   8.7611700e+01   2.2477030e+01   8.7226008e+01
   0.0000000e+00   2.5000000e+02  -3.0000000e+01   2.0000000e+00   2.2442699e+01   8.7734571e+01   2.2634233e+01   8.7364006e+01
   5.0000000e+01   2.5000000e+02  -3.0000000e+01   2.0000000e+00   2.2294323e+01   8.7611700e+01   2.2477030e+01   8.7226008e+01
   1.0000000e+02   2.5000000e+02  -3.0000000e+01   2.0000000e+00   2.1938507e+01   8.7327837e+01   2.2092729e+01   8.6938856e+01
   1.5000000e+02   2.5000000e+02  -3.0000000e+01   2.0000000e+00   2.1544934e+01   8.7047412e+01   2.1650727e+01   8.6724501e+01
   2.0000000e+02   2.5000000e+02  -3.0000000e+01   2.0000000e+00   2.1217740e+01   8.6861742e+01   2.1272110e+01   8.6661136e+01
   2.5000000e+02   2.5000000e+02  -3.0000000e+01   2.0000000e+00   2.0979908e+01   8.6769778e+01   2.0991434e+01   8.6693062e+01
  -2.5000000e+02  -2.5000000e+02  -3.0000000e+01   3.0000000e+00   1.3818802e+00   1.3437688e+01   1.3914052e+00   1.3454419e+01
  -2.0000000e+02  -2.5000000e+02  -3.0000000e+01   3.0000000e+00   1.3918548e+00   1.3486113e+01   1.4038987e+00   1.3499206e+01
  -1.5000000e+02  -2.5000000e+02  -3.0000000e+01   3.0000000e+00   1.4036443e+00   1.3553168e+01   1.4179605e+00   1.3562294e+01
  -1.0000000e+02  -2.5000000e+02  -3.0000000e+01   3.0000000e+00   1.4164469e+00   1.3635559e+01   1.4323040e+00   1.3645886e+01
  -5.0000000e+01  -2.5000000e+02  -3.0000000e+01   3.0000000e+00   1.4273793e+00   1.3711196e+01   1.4437989e+00   1.3727744e+01
   0.0000000e+00  -2.5000000e+02  -3.0000000e+01   3.0000000e+00   1.4318330e+00   1.3742858e+01   1.4483251e+00   1.3763215e+01
   5.0000000e+01  -2.5000000e+02  -3.0000000e+01   3.0000000e+00   1.4273793e+00   1.3711196e+01   1.4437989e+00   1.3727744e+01
   1.0000000e+02  -2.5000000e+02  -3.0000000e+01   3.0000000e+00   1.4164469e+00   1.3635559e+01   1.4323040e+00   1.3645886e+01
   1.5000000e+02  -2.5000000e+02  -3.0000000e+01   3.0000000e+00   1.4036443e+00   1.3553168e+01   1.4179605e+00   1.3562294e+01
   2.0000000e+02  -2.5000000e+02  -3.0000000e+01   3.0000000e+00   1.3918548e+00   1.3486113e+01   1.4038987e+00   1.3499206e+01
   2.5000000e+02  -2.5000000e+02  -3.0000000e+01   3.0000000e+00   1.3818802e+00   1.3437688e+01   1.3914052e+00   1.3454419e+01
  -2.5000000e+02  -2.0000000e+02  -3.0000000e+01   3.0000000e+00   1.3918200e+00   1.3485931e+01   1.4033652e+00   1.3502160e+01
  -2.0000000e+02  -2.0000000e+02  -3.0000000e+01   3.0000000e+00   1.4061255e+00   1.3570726e+01   1.4215740e+00   1.3590220e+01
  -1.5000000e+02  -2.0000000e+02  -3.0000000e+01   3.0000000e+00   1.4237345e+00   1.3697352e+01   1.4433599e+00   1.3745596e+01
  -1.0000000e+02  -2.0000000e+02  -3.0000000e+01   3.0000000e+00   1.4446190e+00   1.3871314e+01   1.4671562e+00   1.3980500e+01
  -5.0000000e+01  -2.0000000e+02  -3.0000000e+01   3.0000000e+00   1.4647581e+00   1.4051201e+01   1.4876638e+00   1.4228180e+01
   0.0000000e+00  -2.0000000e+02  -3.0000000e+01   3.0000000e+00   1.4736120e+00   1.4131012e+01   1.4961561e+00   1.4339706e+01
   5.0000000e+01  -2.0000000e+02  -3.0000000e+01   3.0000000e+00   1.4647581e+00   1.4051201e+01   1.4876638e+00   1.4228180e+01
   1.0000000e+02  -2.0000000e+02  -3.0000000e+01   3.0000000e+00   1.4446190e+00   1.3871314e+01   1.4671562e+00   1.3980500e+01
   1.5000000e+02  -2.0000000e+02  -3.0000000e+01   3.0000000e+00   1.4237345e+00   1.3697352e+01   1.4433599e+00   1.3745596e+01
   2.0000000e+02  -2.0000000e+02  -3.0000000e+01   3.0000000e+00   1.4061255e+00   1.3570726e+01   1.4215740e+00   1.3590220e+01
   2.5000000e+02  -2.0000000e+02  -3.0000000e+01   3.0000000e+00   1.3918200e+00   1.3485931e+01   1.4033652e+00   1.3502160e+01
  -2.5000000e+02  -1.5000000e+02  -3.0000000e+01   3.0000000e+00   1.4035445e+00   1.3552547e+01   1.4165393e+00   1.3562487e+01
  -2.0000000e+02  -1.5000000e+02  -3.0000000e+01   3.0000000e+00   1.4236708e+00   1.3696817e+01   1.4421609e+00   1.3739872e+01
  -1.5000000e+02  -1.5000000e+02  -3.0000000e+01   3.0000000e+00   1.4481700e+00   1.3916403e+01   1.4737954e+00   1.4043577e+01
  -1.0000000e+02  -1.5000000e+02  -3.0000000e+01   3.0000000e+00   1.4783395e+00   1.4229027e+01   1.5085607e+00   1.4459554e+01
  -5.0000000e+01  -1.5000000e+02  -3.0000000e+01   3.0000000e+00   1.5129625e+00   1.4606709e+01   1.5392590e+00   1.4863139e+01
   0.0000000e+00  -1.5000000e+02  -3.0000000e+01   3.0000000e+00   1.5300677e+00   1.4788345e+01   1.5524716e+00   1.5034984e+01
   5.0000000e+01  -1.5000000e+02  -3.0000000e+01   3.0000000e+00   1.5129625e+00   1.4606709e+01   1.5392590e+00   1.4863139e+01
   1.0000000e+02  -1.5000000e+02  -3.0000000e+01   3.0000000e+00   1.4783395e+00   1.4229027e+01   1.5085607e+00   1.4459554e+01
   1.5000000e+02  -1.5000000e+02  -3.0000000e+01   3.0000000e+00   1.4481700e+00   1.3916403e+01   1.4737954e+00   1.4043577e+01
   2.0000000e+02  -1.5000000e+02  -3.0000000e+01   3.0000000e+00   1.4236708e+00   1.3696817e+01   1.4421609e+00   1.3739872e+01
   2.5000000e+02  -1.5000000e+02  -3.0000000e+01   3.0000000e+00   1.4035445e+00   1.3552547e+01   1.4165393e+00   1.3562487e+01
  -2.5000000e+02  -1.0000000e+02  -3.0000000e+01   3.0000000e+00   1.4162252e+00   1.3633994e+01   1.4296369e+00   1.3634167e+01
  -2.0000000e+02  -1.0000000e+02  -3.0000000e+01   3.0000000e+00   1.4444164e+00   1.3869314e+01   1.4639277e+00   1.3933989e+01
  -1.5000000e+02  -1.0000000e+02  -3.0000000e+01   3.0000000e+00   1.4782707e+00   1.4228147e+01   1.5065337e+00   1.4386698e+01
  -1.0000000e+02  -1.0000000e+02  -3.0000000e+01   3.0000000e+00   1.5196372e+00   1.4689503e+01   1.5505478e+00   1.4902593e+01
  -5.0000000e+01  -1.0000000e+02  -3.0000000e+01   3.0000000e+00   1.5825757e+00   1.5414154e+01   1.5895673e+00   1.5394740e+01
   0.0000000e+00  -1.0000000e+02  -3.0000000e+01   3.0000000e+00   1.6189253e+00   1.5809677e+01   1.6086585e+00   1.5632758e+01
   5.0000000e+01  -1.0000000e+02  -3.0000000e+01   3.0000000e+00   1.5825757e+00   1.5414154e+01   1.5895673e+00   1.5394740e+01
   1.0000000e+02  -1.0000000e+02  -3.0000000e+01   3.0000000e+00   1.5196372e+00   1.4689503e+01   1.5505478e+00   1.4902593e+01
   1.5000000e+02  -1.0000000e+02  -3.0000000e+01   3.0000000e+00   1.4782707e+00   1.4228147e+01   1.5065337e+00   1.4386698e+01
   2.0000000e+02  -1.0000000e+02  -3.0000000e+01   3.0000000e+00   1.4444164e+00   1.3869314e+01   1.4639277e+00   1.3933989e+01
   2.5000000e+02  -1.0000000e+02  -3.0000000e+01   3.0000000e+00   1.4162252e+00   1.3633994e+01   1.4296369e+00   1.3634167e+01
  -2.5000000e+02  -5.0000000e+01  -3.0000000e+01   3.0000000e+00   1.4269658e+00   1.3708104e+01   1.4398728e+00   1.3694182e+01
  -2.0000000e+02  -5.0000000e+01  -3.0000000e+01   3.0000000e+00   1.4642475e+00   1.4045970e+01   1.4822381e+00   1.4099350e+01
  -1.5000000e+02  -5.0000000e+01  -3.0000000e+01   3.0000000e+00   1.5125238e+00   1.4601275e+01   1.5370280e+00   1.4698810e+01
  -1.0000000e+02  -5.0000000e+01  -3.0000000e+01   3.0000000e+00   1.5820324e+00   1.5408377e+01   1.5988633e+00   1.5503570e+01
  -5.0000000e+01  -5.0000000e+01  -3.0000000e+01   3.0000000e+00   1.7160048e+00   1.6960175e+01   1.6775781e+00   1.6778498e+01
   0.0000000e+00  -5.0000000e+01  -3.0000000e+01   3.0000000e+00   1.7987570e+00   1.7833646e+01   1.7302183e+00   1.7633207e+01
   5.0000000e+01  -5.0000000e+01  -3.0000000e+01   3.0000000e+00   1.7160048e+00   1.6960175e+01   1.6775781e+00   1.6778498e+01
   1.0000000e+02  -5.0000000e+01  -3.0000000e+01   3.0000000e+00   1.5820324e+00   1.5408377e+01   1.5988633e+00   1.5503570e+01
   1.5000000e+02  -5.0000000e+01  -3.0000000e+01   3.0000000e+00   1.5125238e+00   1.4601275e+01   1.5370280e+00   1.4698810e+01
   2.0000000e+02  -5.0000000e+01  -3.0000000e+01   3.0000000e+00   1.4642475e+00   1.4045970e+01   1.4822381e+00   1.4099350e+01
   2.5000000e+02  -5.0000000e+01  -3.0000000e+01   3.0000000e+00   1.4269658e+00   1.3708104e+01   1.4398728e+00   1.3694182e+01
  -2.5000000e+02   0.0000000e+00  -3.0000000e+01   3.0000000e+00   1.4312231e+00   1.3738278e+01   1.4437259e+00   1.3715924e+01
  -2.0000000e+02   0.0000000e+00  -3.0000000e+01   3.0000000e+00   1.4727183e+00   1.4122117e+01   1.4895258e+00   1.4161194e+01
  -1.5000000e+02   0.0000000e+00  -3.0000000e+01   3.0000000e+00   1.5289274e+00   1.4775218e+01   1.5504742e+00   1.4829153e+01
  -1.0000000e+02   0.0000000e+00  -3.0000000e+01   3.0000000e+00   1.6168673e+00   1.5787301e+01   1.6255046e+00   1.5836003e+01
  -5.0000000e+01   0.0000000e+00  -3.0000000e+01   3.0000000e+00   1.7956385e+00   1.7800068e+01   1.7380147e+00   1.7681146e+01
   0.0000000e+00   0.0000000e+00  -3.0000000e+01   3.0000000e+00   1.9078653e+00   1.8950867e+01   1.8168256e+00   1.8941018e+01
   5.0000000e+01   0.0000000e+00  -3.0000000e+01   3.0000000e+00   1.7956385e+00   1.7800068e+01   1.7380147e+00   1.7681146e+01
   1.0000000e+02   0.0000000e+00  -3.0000000e+01   3.0000000e+00   1.6168673e+00   1.5787301e+01   1.6255046e+00   1.5836003e+01
   1.5000000e+02   0.0000000e+00  -3.0000000e+01   3.0000000e+00   1.5289274e+00   1.4775218e+01   1.5504742e+00   1.4829153e+01
   2.0000000e+02   0.0000000e+00  -3.0000000e+01   3.0000000e+00   1.4727183e+00   1.4122117e+01   1.4895258e+00   1.4161194e+01
   2.5000000e+02   0.0000000e+00  -3.0000000e+01   3.0000000e+00   1.4312231e+00   1.3738278e+01   1.4437259e+00   1.3715924e+01
  -2.5000000e+02   5.0000000e+01  -3.0000000e+01   3.0000000e+00   1.4266804e+00   1.3706096e+01   1.4395277e+00   1.3690438e+01
  -2.0000000e+02   5.0000000e+01  -3.0000000e+01   3.0000000e+00   1.4636916e+00   1.4040972e+01   1.4816269e+00   1.4092676e+01
  -1.5000000e+02   5.0000000e+01  -3.0000000e+01   3.0000000e+00   1.5114810e+00   1.4590049e+01   1.5360035e+00   1.4685715e+01
  -1.0000000e+02   5.0000000e+01  -3.0000000e+01   3.0000000e+00   1.5798993e+00   1.5384319e+01   1.5971959e+00   1.5472297e+01
  -5.0000000e+01   5.0000000e+01  -3.0000000e+01   3.0000000e+00   1.7111992e+00   1.6906805e+01   1.6746661e+00   1.6715846e+01
   0.0000000e+00   5.0000000e+01  -3.0000000e+01   3.0000000e+00   1.7922042e+00   1.7763101e+01   1.7264047e+00   1.7552227e+01
   5.0000000e+01   5.0000000e+01  -3.0000000e+01   3.0000000e+00   1.7111992e+00   1.6906805e+01   1.6746661e+00   1.6715846e+01
   1.0000000e+02   5.0000000e+01  -3.0000000e+01   3.0000000e+00   1.5798993e+00   1.5384319e+01   1.5971959e+00   1.5472297e+01
   1.5000000e+02   5.0000000e+01  -3.0000000e+01   3.0000000e+00   1.5114810e+00   1.4590049e+01   1.5360035e+00   1.4685715e+01
   2.0000000e+02   5.0000000e+01  -3.0000000e+01   3.0000000e+00   1.4636916e+00   1.4040972e+01   1.4816269e+00   1.4092676e+01
   2.5000000e+02   5.0000000e+01  -3.0000000e+01   3.0000000e+00   1.4266804e+00   1.3706096e+01   1.4395277e+00   1.3690438e+01
  -2.5000000e+02   1.0000000e+02  -3.0000000e+01   3.0000000e+00   1.4158000e+00   1.3631141e+01   1.4290758e+00   1.3628306e+01
  -2.0000000e+02   1.0000000e+02  -3.0000000e+01   3.0000000e+00   1.4436772e+00   1.3862876e+01   1.4629939e+00   1.3923358e+01
  -1.5000000e+02   1.0000000e+02  -3.0000000e+01   3.0000000e+00   1.4771172e+00   1.4215720e+01   1.5051572e+00   1.4370739e+01
  -1.0000000e+02   1.0000000e+02  -3.0000000e+01   3.0000000e+00   1.5178848e+00   1.4669768e+01   1.5489291e+00   1.4876753e+01
  -5.0000000e+01   1.0000000e+02  -3.0000000e+01   3.0000000e+00   1.5792415e+00   1.5375507e+01   1.5880046e+00   1.5356938e+01
   0.0000000e+00   1.0000000e+02  -3.0000000e+01   3.0000000e+00   1.6145218e+00   1.5759549e+01   1.6071538e+00   1.5591019e+01
   5.0000000e+01   1.0000000e+02  -3.0000000e+01   3.0000000e+00   1.5792415e+00   1.5375507e+01   1.5880046e+00   1.5356938e+01
   1.0000000e+02   1.0000000e+02  -3.0000000e+01   3.0000000e+00   1.5178848e+00   1.4669768e+01   1.5489291e+00   1.4876753e+01
   1.5000000e+02   1.0000000e+02  -3.0000000e+01   3.0000000e+00   1.4771172e+00   1.4215720e+01   1.5051572e+00   1.4370739e+01
   2.0000000e+02   1.0000000e+02  -3.0000000e+01   3.0000000e+00   1.4436772e+00   1.3862876e+01   1.4629939e+00   1.3923358e+01
   2.5000000e+02   1.0000000e+02  -3.0000000e+01   3.0000000e+00   1.4158000e+00   1.3631141e+01   1.4290758e+00   1.3628306e+01
  -2.5000000e+02   1.5000000e+02  -3.0000000e+01   3.0000000e+00   1.4031195e+00   1.3549970e+01   1.4159100e+00   1.3556144e+01
  -2.0000000e+02   1.5000000e+02  -3.0000000e+01   3.0000000e+00   1.4230143e+00   1.3691717e+01   1.4411634e+00   1.3728065e+01
  -1.5000000e+02   1.5000000e+02  -3.0000000e+01   3.0000000e+00   1.4472613e+00   1.3907567e+01   1.4723689e+00   1.4026488e+01
  -1.0000000e+02   1.5000000e+02  -3.0000000e+01   3.0000000e+00   1.4771361e+00   1.4215483e+01   1.5068122e+00   1.4435314e+01
  -5.0000000e+01   1.5000000e+02  -3.0000000e+01   3.0000000e+00   1.5111774e+00   1.4585138e+01   1.5373961e+00   1.4829234e+01
   0.0000000e+00   1.5000000e+02  -3.0000000e+01   3.0000000e+00   1.5279105e+00   1.4762224e+01   1.5506033e+00   1.4996403e+01
   5.0000000e+01   1.5000000e+02  -3.0000000e+01   3.0000000e+00   1.5111774e+00   1.4585138e+01   1.5373961e+00   1.4829234e+01
   1.0000000e+02   1.5000000e+02  -3.0000000e+01   3.0000000e+00   1.4771361e+00   1.4215483e+01   1.5068122e+00   1.4435314e+01
   1.5000000e+02   1.5000000e+02  -3.0000000e+01   3.0000000e+00   1.4472613e+00   1.3907567e+01   1.4723689e+00   1.4026488e+01
   2.0000000e+02   1.5000000e+02  -3.0000000e+01   3.0000000e+00   1.4230143e+00   1.3691717e+01   1.4411634e+00   1.3728065e+01
   2.5000000e+02   1.5000000e+02  -3.0000000e+01   3.0000000e+00   1.4031195e+00   1.3549970e+01   1.4159100e+00   1.3556144e+01
  -2.5000000e+02   2.0000000e+02  -3.0000000e+01   3.0000000e+00   1.3914505e+00   1.3483995e+01   1.4027669e+00   1.3496528e+01
  -2.0000000e+02   2.0000000e+02  -3.0000000e+01   3.0000000e+00   1.4055870e+00   1.3567224e+01   1.4206644e+00   1.3580224e+01
  -1.5000000e+02   2.0000000e+02  -3.0000000e+01   3.0000000e+00   1.4229768e+00   1.3691281e+01   1.4420581e+00   1.3729938e+01
  -1.0000000e+02   2.0000000e+02  -3.0000000e+01   3.0000000e+00   1.4435487e+00   1.3861159e+01   1.4654428e+00   1.3957386e+01
  -5.0000000e+01   2.0000000e+02  -3.0000000e+01   3.0000000e+00   1.4632928e+00   1.4036045e+01   1.4856192e+00   1.4198279e+01
   0.0000000e+00   2.0000000e+02  -3.0000000e+01   3.0000000e+00   1.4719463e+00   1.4113470e+01   1.4939813e+00   1.4307223e+01
   5.0000000e+01   2.0000000e+02  -3.0000000e+01   3.0000000e+00   1.4632928e+00   1.4036045e+01   1.4856192e+00   1.4198279e+01
   1.0000000e+02   2.0000000e+02  -3.0000000e+01   3.0000000e+00   1.4435487e+00   1.3861159e+01   1.4654428e+00   1.3957386e+01
   1.5000000e+02   2.0000000e+02  -3.0000000e+01   3.0000000e+00   1.4229768e+00   1.3691281e+01   1.4420581e+00   1.3729938e+01
   2.0000000e+02   2.0000000e+02  -3.0000000e+01   3.0000000e+00   1.4055870e+00   1.3567224e+01   1.4206644e+00   1.3580224e+01
   2.5000000e+02   2.0000000e+02  -3.0000000e+01   3.0000000e+00   1.3914505e+00   1.3483995e+01   1.4027669e+00   1.3496528e+01
  -2.5000000e+02   2.5000000e+02  -3.0000000e+01   3.0000000e+00   1.3815740e+00   1.3436333e+01   1.3908889e+00   1.3451323e+01
  -2.0000000e+02   2.5000000e+02  -3.0000000e+01   3.0000000e+00   1.3914226e+00   1.3483823e+01   1.4031512e+00   1.3493228e+01
  -1.5000000e+02   2.5000000e+02  -3.0000000e+01   3.0000000e+00   1.4030414e+00   1.3549389e+01   1.4169286e+00   1.3552583e+01
  -1.0000000e+02   2.5000000e+02  -3.0000000e+01   3.0000000e+00   1.4156205e+00   1.3629644e+01   1.4309630e+00   1.3630570e+01
  -5.0000000e+01   2.5000000e+02  -3.0000000e+01   3.0000000e+00   1.4263256e+00   1.3703060e+01   1.4421986e+00   1.3706442e+01
   0.0000000e+00   2.5000000e+02  -3.0000000e+01   3.0000000e+00   1.4306775e+00   1.3733737e+01   1.4466199e+00   1.3739173e+01
   5.0000000e+01   2.5000000e+02  -3.0000000e+01   3.0000000e+00   1.4263256e+00   1.3703060e+01   1.4421986e+00   1.3706442e+01
   1.0000000e+02   2.5000000e+02  -3.0000000e+01   3.0000000e+00   1.4156205e+00   1.3629644e+01   1.4309630e+00   1.3630570e+01
   1.5000000e+02   2.5000000e+02  -3.0000000e+01   3.0000000e+00   1.4030414e+00   1.3549389e+01   1.4169286e+00   1.3552583e+01
   2.0000000e+02   2.5000000e+02  -3.0000000e+01   3.0000000e+00   1.3914226e+00   1.3483823e+01   1.4031512e+00   1.3493228e+01
   2.5000000e+02   2.5000000e+02  -3.0000000e+01   3.0000000e+00   1.3815740e+00   1.3436333e+01   1.3908889e+00   1.3451323e+01
  -2.5000000e+02  -2.5000000e+02  -3.0000000e+01   4.0000000e+00   3.7299465e+00   1.7204642e+01   3.7280557e+00   1.7191936e+01
  -2.0000000e+02  -2.5000000e+02  -3.0000000e+01   4.0000000e+00   3.7455964e+00   1.7241139e+01   3.7454924e+00   1.7232509e+01
  -1.5000000e+02  -2.5000000e+02  -3.0000000e+01   4.0000000e+00   3.7503764e+00   1.7281187e+01   3.7483271e+00   1.7275443e+01
  -1.0000000e+02  -2.5000000e+02  -3.0000000e+01   4.0000000e+00   3.7474779e+00   1.7325916e+01   3.7326336e+00   1.7310190e+01
  -5.0000000e+01  -2.5000000e+02  -3.0000000e+01   4.0000000e+00   3.7470559e+00   1.7373218e+01   3.7107441e+00   1.7341707e+01
   0.0000000e+00  -2.5000000e+02  -3.0000000e+01   4.0000000e+00   3.7486327e+00   1.7395869e+01   3.7008690e+00   1.7355193e+01
   5.0000000e+01  -2.5000000e+02  -3.0000000e+01   4.0000000e+00   3.7470559e+00   1.7373218e+01   3.7107441e+00   1.7341707e+01
   1.0000000e+02  -2.5000000e+02  -3.0000000e+01   4.0000000e+00   3.7474779e+00   1.7325916e+01   3.7326336e+00   1.7310190e+01
   1.5000000e+02  -2.5000000e+02  -3.0000000e+01   4.0000000e+00   3.7503764e+00   1.7281187e+01   3.7483271e+00   1.7275443e+01
   2.0000000e+02  -2.5000000e+02  -3.0000000e+01   4.0000000e+00   3.7455964e+00   1.7241139e+01   3.7454924e+00   1.7232509e+01
   2.5000000e+02  -2.5000000e+02  -3.0000000e+01   4.0000000e+00   3.7299465e+00   1.7204642e+01   3.7280557e+00   1.7191936e+01
  -2.5000000e+02  -2.0000000e+02  -3.0000000e+01   4.0000000e+00   3.7710880e+00   1.7236094e+01   3.7700541e+00   1.7218268e+01
  -2.0000000e+02  -2.0000000e+02  -3.0000000e+01   4.0000000e+00   3.8090983e+00   1.7299592e+01   3.8080593e+00   1.7257131e+01
  -1.5000000e+02  -2.0000000e+02  -3.0000000e+01   4.0000000e+00   3.8319412e+00   1.7362848e+01   3.8278742e+00   1.7336568e+01
  -1.0000000e+02  -2.0000000e+02  -3.0000000e+01   4.0000000e+00   3.8389688e+00   1.7420989e+01   3.8161661e+00   1.7420133e+01
  -5.0000000e+01  -2.0000000e+02  -3.0000000e+01   4.0000000e+00   3.8531901e+00   1.7497951e+01   3.7904597e+00   1.7500523e+01
   0.0000000e+00  -2.0000000e+02  -3.0000000e+01   4.0000000e+00   3.8654624e+00   1.7542496e+01   3.7790254e+00   1.7539104e+01
   5.0000000e+01  -2.0000000e+02  -3.0000000e+01   4.0000000e+00   3.8531901e+00   1.7497951e+01   3.7904597e+00   1.7500523e+01
   1.0000000e+02  -2.0000000e+02  -3.0000000e+01   4.0000000e+00   3.8389688e+00   1.7420989e+01   3.8161661e+00   1.7420133e+01
   1.5000000e+02  -2.0000000e+02  -3.0000000e+01   4.0000000e+00   3.8319412e+00   1.7362848e+01   3.8278742e+00   1.7336568e+01
   2.0000000e+02  -2.0000000e+02  -3.0000000e+01   4.0000000e+00   3.8090983e+00   1.7299592e+01   3.8080593e+00   1.7257131e+01
   2.5000000e+02  -2.0000000e+02  -3.0000000e+01   4.0000000e+00   3.7710880e+00   1.7236094e+01   3.7700541e+00   1.7218268e+01
  -2.5000000e+02  -1.5000000e+02  -3.0000000e+01   4.0000000e+00   3.8296891e+00   1.7278753e+01   3.8356285e+00   1.7253250e+01
  -2.0000000e+02  -1.5000000e+02  -3.0000000e+01   4.0000000e+00   3.9257427e+00   1.7410952e+01   3.9358978e+00   1.7388027e+01
  -1.5000000e+02  -1.5000000e+02  -3.0000000e+01   4.0000000e+00   4.0408786e+00   1.7595149e+01   4.0563883e+00   1.7628022e+01
  -1.0000000e+02  -1.5000000e+02  -3.0000000e+01   4.0000000e+00   4.1763498e+00   1.7820684e+01   4.1852615e+00   1.7924760e+01
  -5.0000000e+01  -1.5000000e+02  -3.0000000e+01   4.0000000e+00   4.3501019e+00   1.8131744e+01   4.3213873e+00   1.8319389e+01
   0.0000000e+00  -1.5000000e+02  -3.0000000e+01   4.0000000e+00   4.4461620e+00   1.8303671e+01   4.3942716e+00   1.8548584e+01
   5.0000000e+01  -1.5000000e+02  -3.0000000e+01   4.0000000e+00   4.3501019e+00   1.8131744e+01   4.3213873e+00   1.8319389e+01
   1.0000000e+02  -1.5000000e+02  -3.0000000e+01   4.0000000e+00   4.1763498e+00   1.7820684e+01   4.1852615e+00   1.7924760e+01
   1.5000000e+02  -1.5000000e+02  -3.0000000e+01   4.0000000e+00   4.0408786e+00   1.7595149e+01   4.0563883e+00   1.7628022e+01
   2.0000000e+02  -1.5000000e+02  -3.0000000e+01   4.0000000e+00   3.9257427e+00   1.7410952e+01   3.9358978e+00   1.7388027e+01
   2.5000000e+02  -1.5000000e+02  -3.0000000e+01   4.0000000e+00   3.8296891e+00   1.7278753e+01   3.8356285e+00   1.7253250e+01
  -2.5000000e+02  -1.0000000e+02  -3.0000000e+01   4.0000000e+00   3.8880675e+00   1.7314348e+01   3.9085487e+00   1.7276340e+01
  -2.0000000e+02  -1.0000000e+02  -3.0000000e+01   4.0000000e+00   4.0663315e+00   1.7544888e+01   4.1072458e+00   1.7545158e+01
  -1.5000000e+02  -1.0000000e+02  -3.0000000e+01   4.0000000e+00   4.3670395e+00   1.8020362e+01   4.4372476e+00   1.8077345e+01
  -1.0000000e+02  -1.0000000e+02  -3.0000000e+01   4.0000000e+00   4.8686326e+00   1.8922029e+01   4.9517165e+00   1.8978383e+01
  -5.0000000e+01  -1.0000000e+02  -3.0000000e+01   4.0000000e+00   5.5326543e+00   2.0149645e+01   5.6064652e+00   2.0123703e+01
   0.0000000e+00  -1.0000000e+02  -3.0000000e+01   4.0000000e+00   5.8695564e+00   2.0732524e+01   5.9610610e+00   2.0721463e+01
   5.0000000e+01  -1.0000000e+02  -3.0000000e+01   4.0000000e+00   5.5326543e+00   2.0149645e+01   5.6064652e+00   2.0123703e+01
   1.0000000e+02  -1.0000000e+02  -3.0000000e+01   4.0000000e+00   4.8686326e+00   1.8922029e+01   4.9517165e+00   1.8978383e+01
   1.5000000e+02  -1.0000000e+02  -3.0000000e+01   4.0000000e+00   4.3670395e+00   1.8020362e+01   4.4372476e+00   1.8077345e+01
   2.0000000e+02  -1.0000000e+02  -3.0000000e+01   4.0000000e+00   4.0663315e+00   1.7544888e+01   4.1072458e+00   1.7545158e+01
   2.5000000e+02  -1.0000000e+02  -3.0000000e+01   4.0000000e+00   3.8880675e+00   1.7314348e+01   3.9085487e+00   1.7276340e+01
  -2.5000000e+02  -5.0000000e+01  -3.0000000e+01   4.0000000e+00   3.9217027e+00   1.7322394e+01   3.9605257e+00   1.7279423e+01
  -2.0000000e+02  -5.0000000e+01  -3.0000000e+01   4.0000000e+00   4.1502031e+00   1.7599104e+01   4.2346244e+00   1.7627872e+01
  -1.5000000e+02  -5.0000000e+01  -3.0000000e+01   4.0000000e+00   4.5666846e+00   1.8231554e+01   4.7139625e+00   1.8304622e+01
  -1.0000000e+02  -5.0000000e+01  -3.0000000e+01   4.0000000e+00   5.2918138e+00   1.9505966e+01   5.4568460e+00   1.9643683e+01
  -5.0000000e+01  -5.0000000e+01  -3.0000000e+01   4.0000000e+00   6.2192393e+00   2.1187318e+01   6.3051908e+00   2.1410159e+01
   0.0000000e+00  -5.0000000e+01  -3.0000000e+01   4.0000000e+00   6.6677517e+00   2.1947822e+01   6.7095976e+00   2.2236501e+01
   5.0000000e+01  -5.0000000e+01  -3.0000000e+01   4.0000000e+00   6.2192393e+00   2.1187318e+01   6.3051908e+00   2.1410159e+01
   1.0000000e+02  -5.0000000e+01  -3.0000000e+01   4.0000000e+00   5.2918138e+00   1.9505966e+01   5.4568460e+00   1.9643683e+01
   1.5000000e+02  -5.0000000e+01  -3.0000000e+01   4.0000000e+00   4.5666846e+00   1.8231554e+01   4.7139625e+00   1.8304622e+01
   2.0000000e+02  -5.0000000e+01  -3.0000000e+01   4.0000000e+00   4.1502031e+00   1.7599104e+01   4.2346244e+00   1.7627872e+01
   2.5000000e+02  -5.0000000e+01  -3.0000000e+01   4.0000000e+00   3.9217027e+00   1.7322394e+01   3.9605257e+00   1.7279423e+01
  -2.5000000e+02   0.0000000e+00  -3.0000000e+01   4.0000000e+00   3.9299608e+00   1.7318952e+01   3.9770486e+00   1.7272715e+01
  -2.0000000e+02   0.0000000e+00  -3.0000000e+01   4.0000000e+00   4.1679377e+00   1.7597088e+01   4.2722175e+00   1.7630858e+01
  -1.5000000e+02   0.0000000e+00  -3.0000000e+01   4.0000000e+00   4.5967001e+00   1.8231543e+01   4.7754670e+00   1.8296812e+01
  -1.0000000e+02   0.0000000e+00  -3.0000000e+01   4.0000000e+00   5.3217783e+00   1.9497498e+01   5.4855311e+00   1.9634532e+01
  -5.0000000e+01   0.0000000e+00  -3.0000000e+01   4.0000000e+00   6.2119270e+00   2.1158546e+01   6.1574866e+00   2.1330432e+01
   0.0000000e+00   0.0000000e+00  -3.0000000e+01   4.0000000e+00   6.6244285e+00   2.1888125e+01   6.4277991e+00   2.2085270e+01
   5.0000000e+01   0.0000000e+00  -3.0000000e+01   4.0000000e+00   6.2119270e+00   2.1158546e+01   6.1574866e+00   2.1330432e+01
   1.0000000e+02   0.0000000e+00  -3.0000000e+01   4.0000000e+00   5.3217783e+00   1.9497498e+01   5.4855311e+00   1.9634532e+01
   1.5000000e+02   0.0000000e+00  -3.0000000e+01   4.0000000e+00   4.5967001e+00   1.8231543e+01   4.7754670e+00   1.8296812e+01
   2.0000000e+02   0.0000000e+00  -3.0000000e+01   4.0000000e+00   4.1679377e+00   1.7597088e+01   4.2722175e+00   1.7630858e+01
   2.5000000e+02   0.0000000e+00  -3.0000000e+01   4.0000000e+00   3.9299608e+00   1.7318952e+01   3.9770486e+00   1.7272715e+01
  -2.5000000e+02   5.0000000e+01  -3.0000000e+01   4.0000000e+00   3.9210398e+00   1.7322480e+01   3.9588076e+00   1.7276839e+01
  -2.0000000e+02   5.0000000e+01  -3.0000000e+01   4.0000000e+00   4.1486662e+00   1.7598729e+01   4.2310319e+00   1.7624305e+01
  -1.5000000e+02   5.0000000e+01  -3.0000000e+01   4.0000000e+00   4.5635603e+00   1.8229872e+01   4.7072896e+00   1.8300051e+01
  -1.0000000e+02   5.0000000e+01  -3.0000000e+01   4.0000000e+00   5.2868580e+00   1.9502622e+01   5.4464396e+00   1.9637182e+01
  -5.0000000e+01   5.0000000e+01  -3.0000000e+01   4.0000000e+00   6.2140921e+00   2.1183402e+01   6.2926755e+00   2.1411014e+01
   0.0000000e+00   5.0000000e+01  -3.0000000e+01   4.0000000e+00   6.6634239e+00   2.1944744e+01   6.6965153e+00   2.2240434e+01
   5.0000000e+01   5.0000000e+01  -3.0000000e+01   4.0000000e+00   6.2140921e+00   2.1183402e+01   6.2926755e+00   2.1411014e+01
   1.0000000e+02   5.0000000e+01  -3.0000000e+01   4.0000000e+00   5.2868580e+00   1.9502622e+01   5.4464396e+00   1.9637182e+01
   1.5000000e+02   5.0000000e+01  -3.0000000e+01   4.0000000e+00   4.5635603e+00   1.8229872e+01   4.7072896e+00   1.8300051e+01
   2.0000000e+02   5.0000000e+01  -3.0000000e+01   4.0000000e+00   4.1486662e+00   1.7598729e+01   4.2310319e+00   1.7624305e+01
   2.5000000e+02   5.0000000e+01  -3.0000000e+01   4.0000000e+00   3.9210398e+00   1.7322480e+01   3.9588076e+00   1.7276839e+01
  -2.5000000e+02   1.0000000e+02  -3.0000000e+01   4.0000000e+00   3.8863815e+00   1.7313541e+01   3.9053982e+00   1.7270365e+01
  -2.0000000e+02   1.0000000e+02  -3.0000000e+01   4.0000000e+00   4.0620561e+00   1.7541164e+01   4.1001160e+00   1.7533529e+01
  -1.5000000e+02   1.0000000e+02  -3.0000000e+01   4.0000000e+00   4.3564320e+00   1.8006673e+01   4.4216353e+00   1.8051237e+01
  -1.0000000e+02   1.0000000e+02  -3.0000000e+01   4.0000000e+00   4.8446121e+00   1.8882626e+01   4.9195682e+00   1.8916438e+01
  -5.0000000e+01   1.0000000e+02  -3.0000000e+01   4.0000000e+00   5.4906434e+00   2.0076061e+01   5.5516502e+00   2.0029627e+01
   0.0000000e+00   1.0000000e+02  -3.0000000e+01   4.0000000e+00   5.8189107e+00   2.0644275e+01   5.8935682e+00   2.0608456e+01
   5.0000000e+01   1.0000000e+02  -3.0000000e+01   4.0000000e+00   5.4906434e+00   2.0076061e+01   5.5516502e+00   2.0029627e+01
   1.0000000e+02   1.0000000e+02  -3.0000000e+01   4.0000000e+00   4.8446121e+00   1.8882626e+01   4.9195682e+00   1.8916438e+01
   1.5000000e+02   1.0000000e+02  -3.0000000e+01   4.0000000e+00   4.3564320e+00   1.8006673e+01   4.4216353e+00   1.8051237e+01
   2.0000000e+02   1.0000000e+02  -3.0000000e+01   4.0000000e+00   4.0620561e+00   1.7541164e+01   4.1001160e+00   1.7533529e+01
   2.5000000e+02   1.0000000e+02  -3.0000000e+01   4.0000000e+00   3.8863815e+00   1.7313541e+01   3.9053982e+00   1.7270365e+01
  -2.5000000e+02   1.5000000e+02  -3.0000000e+01   4.0000000e+00   3.8275314e+00   1.7277239e+01   3.8322837e+00   1.7245971e+01
  -2.0000000e+02   1.5000000e+02  -3.0000000e+01   4.0000000e+00   3.9209610e+00   1.7406242e+01   3.9289214e+00   1.7372737e+01
  -1.5000000e+02   1.5000000e+02  -3.0000000e+01   4.0000000e+00   4.0310475e+00   1.7583092e+01   4.0428874e+00   1.7598839e+01
  -1.0000000e+02   1.5000000e+02  -3.0000000e+01   4.0000000e+00   4.1581527e+00   1.7795609e+01   4.1615514e+00   1.7869552e+01
  -5.0000000e+01   1.5000000e+02  -3.0000000e+01   4.0000000e+00   4.3212280e+00   1.8089083e+01   4.2864912e+00   1.8242102e+01
   0.0000000e+00   1.5000000e+02  -3.0000000e+01   4.0000000e+00   4.4118678e+00   1.8252268e+01   4.3540754e+00   1.8463773e+01
   5.0000000e+01   1.5000000e+02  -3.0000000e+01   4.0000000e+00   4.3212280e+00   1.8089083e+01   4.2864912e+00   1.8242102e+01
   1.0000000e+02   1.5000000e+02  -3.0000000e+01   4.0000000e+00   4.1581527e+00   1.7795609e+01   4.1615514e+00   1.7869552e+01
   1.5000000e+02   1.5000000e+02  -3.0000000e+01   4.0000000e+00   4.0310475e+00   1.7583092e+01   4.0428874e+00   1.7598839e+01
   2.0000000e+02   1.5000000e+02  -3.0000000e+01   4.0000000e+00   3.9209610e+00   1.7406242e+01   3.9289214e+00   1.7372737e+01
   2.5000000e+02   1.5000000e+02  -3.0000000e+01   4.0000000e+00   3.8275314e+00   1.7277239e+01   3.8322837e+00   1.7245971e+01
  -2.5000000e+02   2.0000000e+02  -3.0000000e+01   4.0000000e+00   3.7693592e+00   1.7234797e+01   3.7674420e+00   1.7210984e+01
  -2.0000000e+02   2.0000000e+02  -3.0000000e+01   4.0000000e+00   3.8061099e+00   1.7296844e+01   3.8036253e+00   1.7243182e+01
  -1.5000000e+02   2.0000000e+02  -3.0000000e+01   4.0000000e+00   3.8275365e+00   1.7358506e+01   3.8213260e+00   1.7315350e+01
  -1.0000000e+02   2.0000000e+02  -3.0000000e+01   4.0000000e+00   3.8332498e+00   1.7415476e+01   3.8079487e+00   1.7391368e+01
  -5.0000000e+01   2.0000000e+02  -3.0000000e+01   4.0000000e+00   3.8458756e+00   1.7490399e+01   3.7816112e+00   1.7467412e+01
   0.0000000e+00   2.0000000e+02  -3.0000000e+01   4.0000000e+00   3.8572080e+00   1.7533533e+01   3.7701376e+00   1.7505071e+01
   5.0000000e+01   2.0000000e+02  -3.0000000e+01   4.0000000e+00   3.8458756e+00   1.7490399e+01   3.7816112e+00   1.7467412e+01
   1.0000000e+02   2.0000000e+02  -3.0000000e+01   4.0000000e+00   3.8332498e+00   1.7415476e+01   3.8079487e+00   1.7391368e+01
   1.5000000e+02   2.0000000e+02  -3.0000000e+01   4.0000000e+00   3.8275365e+00   1.7358506e+01   3.8213260e+00   1.7315350e+01
   2.0000000e+02   2.0000000e+02  -3.0000000e+01   4.0000000e+00   3.8061099e+00   1.7296844e+01   3.8036253e+00   1.7243182e+01
   2.5000000e+02   2.0000000e+02  -3.0000000e+01   4.0000000e+00   3.7693592e+00   1.7234797e+01   3.7674420e+00   1.7210984e+01
  -2.5000000e+02   2.5000000e+02  -3.0000000e+01   4.0000000e+00   3.7288742e+00   1.7203787e+01   3.7263483e+00   1.7185726e+01
  -2.0000000e+02   2.5000000e+02  -3.0000000e+01   4.0000000e+00   3.7441644e+00   1.7239750e+01   3.7430684e+00   1.7222001e+01
  -1.5000000e+02   2.5000000e+02  -3.0000000e+01   4.0000000e+00   3.7488599e+00   1.7279430e+01   3.7454941e+00   1.7260828e+01
  -1.0000000e+02   2.5000000e+02  -3.0000000e+01   4.0000000e+00   3.7461521e+00   1.7323909e+01   3.7300643e+00   1.7291918e+01
  -5.0000000e+01   2.5000000e+02  -3.0000000e+01   4.0000000e+00   3.7458188e+00   1.7370648e+01   3.7089230e+00   1.7321031e+01
   0.0000000e+00   2.5000000e+02  -3.0000000e+01   4.0000000e+00   3.7473581e+00   1.7392909e+01   3.6994722e+00   1.7333848e+01
   5.0000000e+01   2.5000000e+02  -3.0000000e+01   4.0000000e+00   3.7458188e+00   1.7370648e+01   3.7089230e+00   1.7321031e+01
   1.0000000e+02   2.5000000e+02  -3.0000000e+01   4.0000000e+00   3.7461521e+00   1.7323909e+01   3.7300643e+00   1.7291918e+01
   1.5000000e+02   2.5000000e+02  -3.0000000e+01   4.0000000e+00   3.7488599e+00   1.7279430e+01   3.7454941e+00   1.7260828e+01
   2.0000000e+02   2.5000000e+02  -3.0000000e+01   4.0000000e+00   3.7441644e+00   1.7239750e+01   3.7430684e+00   1.7222001e+01
   2.5000000e+02   2.5000000e+02  -3.0000000e+01   4.0000000e+00   3.7288742e+00   1.7203787e+01   3.7263483e+00   1.7185726e+01
