  -2.5000000e+02  -2.5000000e+02  -3.0000000e+01   1.0000000e+00   1.0488122e+02   1.9927187e+02   1.0386690e+02   1.9486998e+02
  -2.0000000e+02  -2.5000000e+02  -3.0000000e+01   1.0000000e+00   1.0483417e+02   1.9922555e+02   1.0288707e+02   1.9081345e+02
  -1.5000000e+02  -2.5000000e+02  -3.0000000e+01   1.0000000e+00   1.0477288e+02   1.9910247e+02   1.0218993e+02   1.8759644e+02
  -1.0000000e+02  -2.5000000e+02  -3.0000000e+01   1.0000000e+00   1.0471421e+02   1.9888778e+02   1.0201972e+02   1.8541328e+02
  -5.0000000e+01  -2.5000000e+02  -3.0000000e+01   1.0000000e+00   1.0466179e+02   1.9865615e+02   1.0216024e+02   1.8417050e+02
   0.0000000e+00  -2.5000000e+02  -3.0000000e+01   1.0000000e+00   1.0463521e+02   1.9855383e+02   1.0226362e+02   1.8377794e+02
   5.0000000e+01  -2.5000000e+02  -3.0000000e+01   1.0000000e+00   1.0466179e+02   1.9865615e+02   1.0216024e+02   1.8417050e+02
   1.0000000e+02  -2.5000000e+02  -3.0000000e+01   1.0000000e+00   1.0471421e+02   1.9888778e+02   1.0201972e+02   1.8541328e+02
   1.5000000e+02  -2.5000000e+02  -3.0000000e+01   1.0000000e+00   1.0477288e+02   1.9910247e+02   1.0218993e+02   1.8759644e+02
   2.0000000e+02  -2.5000000e+02  -3.0000000e+01   1.0000000e+00   1.0483417e+02   1.9922555e+02   1.0288707e+02   1.9081345e+02
   2.5000000e+02  -2.5000000e+02  -3.0000000e+01   1.0000000e+00   1.0488122e+02   1.9927187e+02   1.0386690e+02   1.9486998e+02
  -2.5000000e+02  -2.0000000e+02  -3.0000000e+01   1.0000000e+00   1.0483418e+02   1.9922554e+02   1.0313631e+02   1.9088490e+02
  -2.0000000e+02  -2.0000000e+02  -3.0000000e+01   1.0000000e+00   1.0477954e+02   1.9903586e+02   1.0191027e+02   1.8401131e+02
  -1.5000000e+02  -2.0000000e+02  -3.0000000e+01   1.0000000e+00   1.0485043e+02   1.9859436e+02   1.0161756e+02   1.7887043e+02
  -1.0000000e+02  -2.0000000e+02  -3.0000000e+01   1.0000000e+00   1.0516952e+02   1.9786104e+02   1.0259779e+02   1.7592148e+02
  -5.0000000e+01  -2.0000000e+02  -3.0000000e+01   1.0000000e+00   1.0555287e+02   1.9701956e+02   1.0408631e+02   1.7484754e+02
   0.0000000e+00  -2.0000000e+02  -3.0000000e+01   1.0000000e+00   1.0568792e+02   1.9662148e+02   1.0480293e+02   1.7470638e+02
   5.0000000e+01  -2.0000000e+02  -3.0000000e+01   1.0000000e+00   1.0555287e+02   1.9701956e+02   1.0408631e+02   1.7484754e+02
   1.0000000e+02  -2.0000000e+02  -3.0000000e+01   1.0000000e+00   1.0516952e+02   1.9786104e+02   1.0259779e+02   1.7592148e+02
   1.5000000e+02  -2.0000000e+02  -3.0000000e+01   1.0000000e+00   1.0485043e+02   1.9859436e+02   1.0161756e+02   1.7887043e+02
   2.0000000e+02  -2.0000000e+02  -3.0000000e+01   1.0000000e+00   1.0477954e+02   1.9903586e+02   1.0191027e+02   1.8401131e+02
   2.5000000e+02  -2.0000000e+02  -3.0000000e+01   1.0000000e+00   1.0483418e+02   1.9922554e+02   1.0313631e+02   1.9088490e+02
  -2.5000000e+02  -1.5000000e+02  -3.0000000e+01   1.0000000e+00   1.0477295e+02   1.9910245e+02   1.0296140e+02   1.8788038e+02
  -2.0000000e+02  -1.5000000e+02  -3.0000000e+01   1.0000000e+00   1.0485054e+02   1.9859448e+02   1.0236918e+02   1.7947549e+02
  -1.5000000e+02  -1.5000000e+02  -3.0000000e+01   1.0000000e+00   1.0560034e+02   1.9768725e+02   1.0414594e+02   1.7499444e+02
  -1.0000000e+02  -1.5000000e+02  -3.0000000e+01   1.0000000e+00   1.0729953e+02   1.9652396e+02   1.0880404e+02   1.7590331e+02
  -5.0000000e+01  -1.5000000e+02  -3.0000000e+01   1.0000000e+00   1.0940887e+02   1.9498943e+02   1.1427838e+02   1.8063633e+02
   0.0000000e+00  -1.5000000e+02  -3.0000000e+01   1.0000000e+00   1.1023202e+02   1.9410735e+02   1.1678400e+02   1.8350846e+02
   5.0000000e+01  -1.5000000e+02  -3.0000000e+01   1.0000000e+00   1.0940887e+02   1.9498943e+02   1.1427838e+02   1.8063633e+02
   1.0000000e+02  -1.5000000e+02  -3.0000000e+01   1.0000000e+00   1.0729953e+02   1.9652396e+02   1.0880404e+02   1.7590331e+02
   1.5000000e+02  -1.5000000e+02  -3.0000000e+01   1.0000000e+00   1.0560034e+02   1.9768725e+02   1.0414594e+02   1.7499444e+02
   2.0000000e+02  -1.5000000e+02  -3.0000000e+01   1.0000000e+00   1.0485054e+02   1.9859448e+02   1.0236918e+02   1.7947549e+02
   2.5000000e+02  -1.5000000e+02  -3.0000000e+01   1.0000000e+00   1.0477295e+02   1.9910245e+02   1.0296140e+02   1.8788038e+02
  -2.5000000e+02  -1.0000000e+02  -3.0000000e+01   1.0000000e+00   1.0471443e+02   1.9888771e+02   1.0342389e+02   1.8592313e+02
  -2.0000000e+02  -1.0000000e+02  -3.0000000e+01   1.0000000e+00   1.0516987e+02   1.9786157e+02   1.0429969e+02   1.7746216e+02
  -1.5000000e+02  -1.0000000e+02  -3.0000000e+01   1.0000000e+00   1.0729846e+02   1.9652473e+02   1.0970009e+02   1.7702578e+02
  -1.0000000e+02  -1.0000000e+02  -3.0000000e+01   1.0000000e+00   1.1020056e+02   1.9519708e+02   1.2038237e+02   1.8860424e+02
  -5.0000000e+01  -1.0000000e+02  -3.0000000e+01   1.0000000e+00   1.1429420e+02   1.9272346e+02   1.3228375e+02   2.0840742e+02
   0.0000000e+00  -1.0000000e+02  -3.0000000e+01   1.0000000e+00   1.1598796e+02   1.9115513e+02   1.3764340e+02   2.1913345e+02
   5.0000000e+01  -1.0000000e+02  -3.0000000e+01   1.0000000e+00   1.1429420e+02   1.9272346e+02   1.3228375e+02   2.0840742e+02
   1.0000000e+02  -1.0000000e+02  -3.0000000e+01   1.0000000e+00   1.1020056e+02   1.9519708e+02   1.2038237e+02   1.8860424e+02
   1.5000000e+02  -1.0000000e+02  -3.0000000e+01   1.0000000e+00   1.0729846e+02   1.9652473e+02   1.0970009e+02   1.7702578e+02
   2.0000000e+02  -1.0000000e+02  -3.0000000e+01   1.0000000e+00   1.0516987e+02   1.9786157e+02   1.0429969e+02   1.7746216e+02
   2.5000000e+02  -1.0000000e+02  -3.0000000e+01   1.0000000e+00   1.0471443e+02   1.9888771e+02   1.0342389e+02   1.8592313e+02
  -2.5000000e+02  -5.0000000e+01  -3.0000000e+01   1.0000000e+00   1.0466215e+02   1.9865602e+02   1.0402994e+02   1.8465629e+02
  -2.0000000e+02  -5.0000000e+01  -3.0000000e+01   1.0000000e+00   1.0555362e+02   1.9702031e+02   1.0640610e+02   1.7657791e+02
  -1.5000000e+02  -5.0000000e+01  -3.0000000e+01   1.0000000e+00   1.0940850e+02   1.9499003e+02   1.1540472e+02   1.8060744e+02
  -1.0000000e+02  -5.0000000e+01  -3.0000000e+01   1.0000000e+00   1.1430401e+02   1.9272145e+02   1.3213733e+02   2.0412416e+02
  -5.0000000e+01  -5.0000000e+01  -3.0000000e+01   1.0000000e+00   1.2155998e+02   1.8744311e+02   1.5057584e+02   2.4192460e+02
   0.0000000e+00  -5.0000000e+01  -3.0000000e+01   1.0000000e+00   1.2416156e+02   1.8435421e+02   1.5878729e+02   2.6234348e+02
   5.0000000e+01  -5.0000000e+01  -3.0000000e+01   1.0000000e+00   1.2155998e+02   1.8744311e+02   1.5057584e+02   2.4192460e+02
   1.0000000e+02  -5.0000000e+01  -3.0000000e+01   1.0000000e+00   1.1430401e+02   1.9272145e+02   1.3213733e+02   2.0412416e+02
   1.5000000e+02  -5.0000000e+01  -3.0000000e+01   1.0000000e+00   1.0940850e+02   1.9499003e+02   1.1540472e+02   1.8060744e+02
   2.0000000e+02  -5.0000000e+01  -3.0000000e+01   1.0000000e+00   1.0555362e+02   1.9702031e+02   1.0640610e+02   1.7657791e+02
   2.5000000e+02  -5.0000000e+01  -3.0000000e+01   1.0000000e+00   1.0466215e+02   1.9865602e+02   1.0402994e+02   1.8465629e+02
  -2.5000000e+02   0.0000000e+00  -3.0000000e+01   1.0000000e+00   1.0463563e+02   1.9855366e+02   1.0429015e+02   1.8416409e+02
  -2.0000000e+02   0.0000000e+00  -3.0000000e+01   1.0000000e+00   1.0568881e+02   1.9662222e+02   1.0728817e+02   1.7620331e+02
  -1.5000000e+02   0.0000000e+00  -3.0000000e+01   1.0000000e+00   1.1023213e+02   1.9410728e+02   1.1779737e+02   1.8193813e+02
  -1.0000000e+02   0.0000000e+00  -3.0000000e+01   1.0000000e+00   1.1600145e+02   1.9115012e+02   1.3716597e+02   2.1036689e+02
  -5.0000000e+01   0.0000000e+00  -3.0000000e+01   1.0000000e+00   1.2416555e+02   1.8435047e+02   1.5858871e+02   2.5611140e+02
   0.0000000e+00   0.0000000e+00  -3.0000000e+01   1.0000000e+00   1.2698479e+02   1.8046768e+02   1.6816294e+02   2.8103909e+02
   5.0000000e+01   0.0000000e+00  -3.0000000e+01   1.0000000e+00   1.2416555e+02   1.8435047e+02   1.5858871e+02   2.5611140e+02
   1.0000000e+02   0.0000000e+00  -3.0000000e+01   1.0000000e+00   1.1600145e+02   1.9115012e+02   1.3716597e+02   2.1036689e+02
   1.5000000e+02   0.0000000e+00  -3.0000000e+01   1.0000000e+00   1.1023213e+02   1.9410728e+02   1.1779737e+02   1.8193813e+02
   2.0000000e+02   0.0000000e+00  -3.0000000e+01   1.0000000e+00   1.0568881e+02   1.9662222e+02   1.0728817e+02   1.7620331e+02
   2.5000000e+02   0.0000000e+00  -3.0000000e+01   1.0000000e+00   1.0463563e+02   1.9855366e+02   1.0429015e+02   1.8416409e+02
  -2.5000000e+02   5.0000000e+01  -3.0000000e+01   1.0000000e+00   1.0466217e+02   1.9865607e+02   1.0403091e+02   1.8465719e+02
  -2.0000000e+02   5.0000000e+01  -3.0000000e+01   1.0000000e+00   1.0555358e+02   1.9702046e+02   1.0640584e+02   1.7657876e+02
  -1.5000000e+02   5.0000000e+01  -3.0000000e+01   1.0000000e+00   1.0940851e+02   1.9499028e+02   1.1539856e+02   1.8060656e+02
  -1.0000000e+02   5.0000000e+01  -3.0000000e+01   1.0000000e+00   1.1430454e+02   1.9272177e+02   1.3211536e+02   2.0410867e+02
  -5.0000000e+01   5.0000000e+01  -3.0000000e+01   1.0000000e+00   1.2156127e+02   1.8744331e+02   1.5052870e+02   2.4185676e+02
   0.0000000e+00   5.0000000e+01  -3.0000000e+01   1.0000000e+00   1.2416292e+02   1.8435439e+02   1.5872507e+02   2.6223483e+02
   5.0000000e+01   5.0000000e+01  -3.0000000e+01   1.0000000e+00   1.2156127e+02   1.8744331e+02   1.5052870e+02   2.4185676e+02
   1.0000000e+02   5.0000000e+01  -3.0000000e+01   1.0000000e+00   1.1430454e+02   1.9272177e+02   1.3211536e+02   2.0410867e+02
   1.5000000e+02   5.0000000e+01  -3.0000000e+01   1.0000000e+00   1.0940851e+02   1.9499028e+02   1.1539856e+02   1.8060656e+02
   2.0000000e+02   5.0000000e+01  -3.0000000e+01   1.0000000e+00   1.0555358e+02   1.9702046e+02   1.0640584e+02   1.7657876e+02
   2.5000000e+02   5.0000000e+01  -3.0000000e+01   1.0000000e+00   1.0466217e+02   1.9865607e+02   1.0403091e+02   1.8465719e+02
  -2.5000000e+02   1.0000000e+02  -3.0000000e+01   1.0000000e+00   1.0471444e+02   1.9888779e+02   1.0342523e+02   1.8592345e+02
  -2.0000000e+02   1.0000000e+02  -3.0000000e+01   1.0000000e+00   1.0516980e+02   1.9786176e+02   1.0430061e+02   1.7746343e+02
  -1.5000000e+02   1.0000000e+02  -3.0000000e+01   1.0000000e+00   1.0729851e+02   1.9652501e+02   1.0969863e+02   1.7703176e+02
  -1.0000000e+02   1.0000000e+02  -3.0000000e+01   1.0000000e+00   1.1020207e+02   1.9519766e+02   1.2037687e+02   1.8861507e+02
  -5.0000000e+01   1.0000000e+02  -3.0000000e+01   1.0000000e+00   1.1429790e+02   1.9272397e+02   1.3227826e+02   2.0840803e+02
   0.0000000e+00   1.0000000e+02  -3.0000000e+01   1.0000000e+00   1.1599190e+02   1.9115551e+02   1.3764085e+02   2.1912738e+02
   5.0000000e+01   1.0000000e+02  -3.0000000e+01   1.0000000e+00   1.1429790e+02   1.9272397e+02   1.3227826e+02   2.0840803e+02
   1.0000000e+02   1.0000000e+02  -3.0000000e+01   1.0000000e+00   1.1020207e+02   1.9519766e+02   1.2037687e+02   1.8861507e+02
   1.5000000e+02   1.0000000e+02  -3.0000000e+01   1.0000000e+00   1.0729851e+02   1.9652501e+02   1.0969863e+02   1.7703176e+02
   2.0000000e+02   1.0000000e+02  -3.0000000e+01   1.0000000e+00   1.0516980e+02   1.9786176e+02   1.0430061e+02   1.7746343e+02
   2.5000000e+02   1.0000000e+02  -3.0000000e+01   1.0000000e+00   1.0471444e+02   1.9888779e+02   1.0342523e+02   1.8592345e+02
  -2.5000000e+02   1.5000000e+02  -3.0000000e+01   1.0000000e+00   1.0477297e+02   1.9910250e+02   1.0296066e+02   1.8787468e+02
  -2.0000000e+02   1.5000000e+02  -3.0000000e+01   1.0000000e+00   1.0485053e+02   1.9859463e+02   1.0236760e+02   1.7946833e+02
  -1.5000000e+02   1.5000000e+02  -3.0000000e+01   1.0000000e+00   1.0560033e+02   1.9768749e+02   1.0414210e+02   1.7499339e+02
  -1.0000000e+02   1.5000000e+02  -3.0000000e+01   1.0000000e+00   1.0729997e+02   1.9652434e+02   1.0879333e+02   1.7591135e+02
  -5.0000000e+01   1.5000000e+02  -3.0000000e+01   1.0000000e+00   1.0941004e+02   1.9498982e+02   1.1425756e+02   1.8064411e+02
   0.0000000e+00   1.5000000e+02  -3.0000000e+01   1.0000000e+00   1.1023324e+02   1.9410771e+02   1.1675805e+02   1.8351306e+02
   5.0000000e+01   1.5000000e+02  -3.0000000e+01   1.0000000e+00   1.0941004e+02   1.9498982e+02   1.1425756e+02   1.8064411e+02
   1.0000000e+02   1.5000000e+02  -3.0000000e+01   1.0000000e+00   1.0729997e+02   1.9652434e+02   1.0879333e+02   1.7591135e+02
   1.5000000e+02   1.5000000e+02  -3.0000000e+01   1.0000000e+00   1.0560033e+02   1.9768749e+02   1.0414210e+02   1.7499339e+02
   2.0000000e+02   1.5000000e+02  -3.0000000e+01   1.0000000e+00   1.0485053e+02   1.9859463e+02   1.0236760e+02   1.7946833e+02
   2.5000000e+02   1.5000000e+02  -3.0000000e+01   1.0000000e+00   1.0477297e+02   1.9910250e+02   1.0296066e+02   1.8787468e+02
  -2.5000000e+02   2.0000000e+02  -3.0000000e+01   1.0000000e+00   1.0483421e+02   1.9922557e+02   1.0313025e+02   1.9086330e+02
  -2.0000000e+02   2.0000000e+02  -3.0000000e+01   1.0000000e+00   1.0477957e+02   1.9903594e+02   1.0190080e+02   1.8397737e+02
  -1.5000000e+02   2.0000000e+02  -3.0000000e+01   1.0000000e+00   1.0485047e+02   1.9859452e+02   1.0160462e+02   1.7882969e+02
  -1.0000000e+02   2.0000000e+02  -3.0000000e+01   1.0000000e+00   1.0516964e+02   1.9786131e+02   1.0257948e+02   1.7587411e+02
  -5.0000000e+01   2.0000000e+02  -3.0000000e+01   1.0000000e+00   1.0555311e+02   1.9701991e+02   1.0406137e+02   1.7479033e+02
   0.0000000e+00   2.0000000e+02  -3.0000000e+01   1.0000000e+00   1.0568818e+02   1.9662187e+02   1.0477475e+02   1.7464389e+02
   5.0000000e+01   2.0000000e+02  -3.0000000e+01   1.0000000e+00   1.0555311e+02   1.9701991e+02   1.0406137e+02   1.7479033e+02
   1.0000000e+02   2.0000000e+02  -3.0000000e+01   1.0000000e+00   1.0516964e+02   1.9786131e+02   1.0257948e+02   1.7587411e+02
   1.5000000e+02   2.0000000e+02  -3.0000000e+01   1.0000000e+00   1.0485047e+02   1.9859452e+02   1.0160462e+02   1.7882969e+02
   2.0000000e+02   2.0000000e+02  -3.0000000e+01   1.0000000e+00   1.0477957e+02   1.9903594e+02   1.0190080e+02   1.8397737e+02
   2.5000000e+02   2.0000000e+02  -3.0000000e+01   1.0000000e+00   1.0483421e+02   1.9922557e+02   1.0313025e+02   1.9086330e+02
  -2.5000000e+02   2.5000000e+02  -3.0000000e+01   1.0000000e+00   1.0488123e+02   1.9927188e+02   1.0385645e+02   1.9482927e+02
  -2.0000000e+02   2.5000000e+02  -3.0000000e+01   1.0000000e+00   1.0483420e+02   1.9922558e+02   1.0287107e+02   1.9074874e+02
  -1.5000000e+02   2.5000000e+02  -3.0000000e+01   1.0000000e+00   1.0477293e+02   1.9910254e+02   1.0217000e+02   1.8751688e+02
  -1.0000000e+02   2.5000000e+02  -3.0000000e+01   1.0000000e+00   1.0471430e+02   1.9888787e+02   1.0199696e+02   1.8532540e+02
  -5.0000000e+01   2.5000000e+02  -3.0000000e+01   1.0000000e+00   1.0466191e+02   1.9865628e+02   1.0213527e+02   1.8407781e+02
   0.0000000e+00   2.5000000e+02  -3.0000000e+01   1.0000000e+00   1.0463534e+02   1.9855396e+02   1.0223770e+02   1.8368351e+02
   5.0000000e+01   2.5000000e+02  -3.0000000e+01   1.0000000e+00   1.0466191e+02   1.9865628e+02   1.0213527e+02   1.8407781e+02
   1.0000000e+02   2.5000000e+02  -3.0000000e+01   1.0000000e+00   1.0471430e+02   1.9888787e+02   1.0199696e+02   1.8532540e+02
   1.5000000e+02   2.5000000e+02  -3.0000000e+01   1.0000000e+00   1.0477293e+02   1.9910254e+02   1.0217000e+02   1.8751688e+02
   2.0000000e+02   2.5000000e+02  -3.0000000e+01   1.0000000e+00   1.0483420e+02   1.9922558e+02   1.0287107e+02   1.9074874e+02
   2.5000000e+02   2.5000000e+02  -3.0000000e+01   1.0000000e+00   1.0488123e+02   1.9927188e+02   1.0385645e+02   1.9482927e+02
  -2.5000000e+02  -2.5000000e+02  -3.0000000e+01   2.0000000e+00   2.0986636e+01   8.6771713e+01   2.1178964e+01   8.5994769e+01
  -2.0000000e+02  -2.5000000e+02  -3.0000000e+01   2.0000000e+00   2.1229188e+01   8.6867393e+01   2.1365412e+01   8.5124237e+01
  -1.5000000e+02  -2.5000000e+02  -3.0000000e+01   2.0000000e+00   2.1563358e+01   8.7060179e+01   2.1581460e+01   8.4563088e+01
  -1.0000000e+02  -2.5000000e+02  -3.0000000e+01   2.0000000e+00   2.1966363e+01   8.7351726e+01   2.1801729e+01   8.4352748e+01
  -5.0000000e+01  -2.5000000e+02  -3.0000000e+01   2.0000000e+00   2.2331795e+01   8.7647429e+01   2.1972650e+01   8.4351822e+01
   0.0000000e+00  -2.5000000e+02  -3.0000000e+01   2.0000000e+00   2.2484458e+01   8.7775547e+01   2.2037811e+01   8.4381212e+01
   5.0000000e+01  -2.5000000e+02  -3.0000000e+01   2.0000000e+00   2.2331795e+01   8.7647429e+01   2.1972650e+01   8.4351822e+01
   1.0000000e+02  -2.5000000e+02  -3.0000000e+01   2.0000000e+00   2.1966363e+01   8.7351726e+01   2.1801729e+01   8.4352748e+01
   1.5000000e+02  -2.5000000e+02  -3.0000000e+01   2.0000000e+00   2.1563358e+01   8.7060179e+01   2.1581460e+01   8.4563088e+01
   2.0000000e+02  -2.5000000e+02  -3.0000000e+01   2.0000000e+00   2.1229188e+01   8.6867393e+01   2.1365412e+01   8.5124237e+01
   2.5000000e+02  -2.5000000e+02  -3.0000000e+01   2.0000000e+00   2.0986636e+01   8.6771713e+01   2.1178964e+01   8.5994769e+01
  -2.5000000e+02  -2.0000000e+02  -3.0000000e+01   2.0000000e+00   2.1228303e+01   8.6866932e+01   2.1406510e+01   8.5266279e+01
  -2.0000000e+02  -2.0000000e+02  -3.0000000e+01   2.0000000e+00   2.1644546e+01   8.7128902e+01   2.1704550e+01   8.3938223e+01
  -1.5000000e+02  -2.0000000e+02  -3.0000000e+01   2.0000000e+00   2.2232790e+01   8.7643009e+01   2.2079716e+01   8.3323214e+01
  -1.0000000e+02  -2.0000000e+02  -3.0000000e+01   2.0000000e+00   2.2995590e+01   8.8463910e+01   2.2488271e+01   8.3491726e+01
  -5.0000000e+01  -2.0000000e+02  -3.0000000e+01   2.0000000e+00   2.3765818e+01   8.9366327e+01   2.2820926e+01   8.4056633e+01
   0.0000000e+00  -2.0000000e+02  -3.0000000e+01   2.0000000e+00   2.4109701e+01   8.9770607e+01   2.2951092e+01   8.4365538e+01
   5.0000000e+01  -2.0000000e+02  -3.0000000e+01   2.0000000e+00   2.3765818e+01   8.9366327e+01   2.2820926e+01   8.4056633e+01
   1.0000000e+02  -2.0000000e+02  -3.0000000e+01   2.0000000e+00   2.2995590e+01   8.8463910e+01   2.2488271e+01   8.3491726e+01
   1.5000000e+02  -2.0000000e+02  -3.0000000e+01   2.0000000e+00   2.2232790e+01   8.7643009e+01   2.2079716e+01   8.3323214e+01
   2.0000000e+02  -2.0000000e+02  -3.0000000e+01   2.0000000e+00   2.1644546e+01   8.7128902e+01   2.1704550e+01   8.3938223e+01
   2.5000000e+02  -2.0000000e+02  -3.0000000e+01   2.0000000e+00   2.1228303e+01   8.6866932e+01   2.1406510e+01   8.5266279e+01
  -2.5000000e+02  -1.5000000e+02  -3.0000000e+01   2.0000000e+00   2.1560419e+01   8.7058039e+01   2.1683360e+01   8.4962157e+01
  -2.0000000e+02  -1.5000000e+02  -3.0000000e+01   2.0000000e+00   2.2230592e+01   8.7640457e+01   2.2147961e+01   8.3715116e+01
  -1.5000000e+02  -1.5000000e+02  -3.0000000e+01   2.0000000e+00   2.3147109e+01   8.8731296e+01   2.2770928e+01   8.4052151e+01
  -1.0000000e+02  -1.5000000e+02  -3.0000000e+01   2.0000000e+00   2.4350589e+01   9.0443960e+01   2.3485108e+01   8.6234561e+01
  -5.0000000e+01  -1.5000000e+02  -3.0000000e+01   2.0000000e+00   2.5781852e+01   9.2583049e+01   2.4090574e+01   8.9227446e+01
   0.0000000e+00  -1.5000000e+02  -3.0000000e+01   2.0000000e+00   2.6494829e+01   9.3599750e+01   2.4332720e+01   9.0697622e+01
   5.0000000e+01  -1.5000000e+02  -3.0000000e+01   2.0000000e+00   2.5781852e+01   9.2583049e+01   2.4090574e+01   8.9227446e+01
   1.0000000e+02  -1.5000000e+02  -3.0000000e+01   2.0000000e+00   2.4350589e+01   9.0443960e+01   2.3485108e+01   8.6234561e+01
   1.5000000e+02  -1.5000000e+02  -3.0000000e+01   2.0000000e+00   2.3147109e+01   8.8731296e+01   2.2770928e+01   8.4052151e+01
   2.0000000e+02  -1.5000000e+02  -3.0000000e+01   2.0000000e+00   2.2230592e+01   8.7640457e+01   2.2147961e+01   8.3715116e+01
   2.5000000e+02  -1.5000000e+02  -3.0000000e+01   2.0000000e+00   2.1560419e+01   8.7058039e+01   2.1683360e+01   8.4962157e+01
  -2.5000000e+02  -1.0000000e+02  -3.0000000e+01   2.0000000e+00   2.1959164e+01   8.7345382e+01   2.1967731e+01   8.5032365e+01
  -2.0000000e+02  -1.0000000e+02  -3.0000000e+01   2.0000000e+00   2.2988001e+01   8.8453186e+01   2.2626687e+01   8.4372600e+01
  -1.5000000e+02  -1.0000000e+02  -3.0000000e+01   2.0000000e+00   2.4348179e+01   9.0438810e+01   2.3545705e+01   8.6723404e+01
  -1.0000000e+02  -1.0000000e+02  -3.0000000e+01   2.0000000e+00   2.6082710e+01   9.3041762e+01   2.4627487e+01   9.2876414e+01
  -5.0000000e+01  -1.0000000e+02  -3.0000000e+01   2.0000000e+00   2.8866886e+01   9.7200228e+01   2.5558540e+01   1.0081335e+02
   0.0000000e+00  -1.0000000e+02  -3.0000000e+01   2.0000000e+00   3.0478969e+01   9.9400657e+01   2.5931391e+01   1.0472273e+02
   5.0000000e+01  -1.0000000e+02  -3.0000000e+01   2.0000000e+00   2.8866886e+01   9.7200228e+01   2.5558540e+01   1.0081335e+02
   1.0000000e+02  -1.0000000e+02  -3.0000000e+01   2.0000000e+00   2.6082710e+01   9.3041762e+01   2.4627487e+01   9.2876414e+01
   1.5000000e+02  -1.0000000e+02  -3.0000000e+01   2.0000000e+00   2.4348179e+01   9.0438810e+01   2.3545705e+01   8.6723404e+01
   2.0000000e+02  -1.0000000e+02  -3.0000000e+01   2.0000000e+00   2.2988001e+01   8.8453186e+01   2.2626687e+01   8.4372600e+01
   2.5000000e+02  -1.0000000e+02  -3.0000000e+01   2.0000000e+00   2.1959164e+01   8.7345382e+01   2.1967731e+01   8.5032365e+01
  -2.5000000e+02  -5.0000000e+01  -3.0000000e+01   2.0000000e+00   2.2317690e+01   8.7634087e+01   2.2185167e+01   8.5193346e+01
  -2.0000000e+02  -5.0000000e+01  -3.0000000e+01   2.0000000e+00   2.3745958e+01   8.9337531e+01   2.3005519e+01   8.5153883e+01
  -1.5000000e+02  -5.0000000e+01  -3.0000000e+01   2.0000000e+00   2.5764312e+01   9.2550871e+01   2.4178807e+01   8.9498773e+01
  -1.0000000e+02  -5.0000000e+01  -3.0000000e+01   2.0000000e+00   2.8842387e+01   9.7169373e+01   2.5585459e+01   9.9773206e+01
  -5.0000000e+01  -5.0000000e+01  -3.0000000e+01   2.0000000e+00   3.5129344e+01   1.0599214e+02   2.6806058e+01   1.1320990e+02
   0.0000000e+00  -5.0000000e+01  -3.0000000e+01   2.0000000e+00   3.8968094e+01   1.1067515e+02   2.7290453e+01   1.1992128e+02
   5.0000000e+01  -5.0000000e+01  -3.0000000e+01   2.0000000e+00   3.5129344e+01   1.0599214e+02   2.6806058e+01   1.1320990e+02
   1.0000000e+02  -5.0000000e+01  -3.0000000e+01   2.0000000e+00   2.8842387e+01   9.7169373e+01   2.5585459e+01   9.9773206e+01
   1.5000000e+02  -5.0000000e+01  -3.0000000e+01   2.0000000e+00   2.5764312e+01   9.2550871e+01   2.4178807e+01   8.9498773e+01
   2.0000000e+02  -5.0000000e+01  -3.0000000e+01   2.0000000e+00   2.3745958e+01   8.9337531e+01   2.3005519e+01   8.5153883e+01
   2.5000000e+02  -5.0000000e+01  -3.0000000e+01   2.0000000e+00   2.2317690e+01   8.7634087e+01   2.2185167e+01   8.5193346e+01
  -2.5000000e+02   0.0000000e+00  -3.0000000e+01   2.0000000e+00   2.2463384e+01   8.7755710e+01   2.2265177e+01   8.5257453e+01
  -2.0000000e+02   0.0000000e+00  -3.0000000e+01   2.0000000e+00   2.4074716e+01   8.9722420e+01   2.3147607e+01   8.5453438e+01
  -1.5000000e+02   0.0000000e+00  -3.0000000e+01   2.0000000e+00   2.6447969e+01   9.3523888e+01   2.4421922e+01   9.0568613e+01
  -1.0000000e+02   0.0000000e+00  -3.0000000e+01   2.0000000e+00   3.0386263e+01   9.9277720e+01   2.5964431e+01   1.0252067e+02
  -5.0000000e+01   0.0000000e+00  -3.0000000e+01   2.0000000e+00   3.8821809e+01   1.1049339e+02   2.7314221e+01   1.1834783e+02
   0.0000000e+00   0.0000000e+00  -3.0000000e+01   2.0000000e+00   4.4045720e+01   1.1650717e+02   2.7851860e+01   1.2634687e+02
   5.0000000e+01   0.0000000e+00  -3.0000000e+01   2.0000000e+00   3.8821809e+01   1.1049339e+02   2.7314221e+01   1.1834783e+02
   1.0000000e+02   0.0000000e+00  -3.0000000e+01   2.0000000e+00   3.0386263e+01   9.9277720e+01   2.5964431e+01   1.0252067e+02
   1.5000000e+02   0.0000000e+00  -3.0000000e+01   2.0000000e+00   2.6447969e+01   9.3523888e+01   2.4421922e+01   9.0568613e+01
   2.0000000e+02   0.0000000e+00  -3.0000000e+01   2.0000000e+00   2.4074716e+01   8.9722420e+01   2.3147607e+01   8.5453438e+01
   2.5000000e+02   0.0000000e+00  -3.0000000e+01   2.0000000e+00   2.2463384e+01   8.7755710e+01   2.2265177e+01   8.5257453e+01
  -2.5000000e+02   5.0000000e+01  -3.0000000e+01   2.0000000e+00   2.2307995e+01   8.7626056e+01   2.2179617e+01   8.5188421e+01
  -2.0000000e+02   5.0000000e+01  -3.0000000e+01   2.0000000e+00   2.3724480e+01   8.9312284e+01   2.2995642e+01   8.5131934e+01
  -1.5000000e+02   5.0000000e+01  -3.0000000e+01   2.0000000e+00   2.5720925e+01   9.2487592e+01   2.4161953e+01   8.9423935e+01
  -1.0000000e+02   5.0000000e+01  -3.0000000e+01   2.0000000e+00   2.8747418e+01   9.7032742e+01   2.5559476e+01   9.9586759e+01
  -5.0000000e+01   5.0000000e+01  -3.0000000e+01   2.0000000e+00   3.4903948e+01   1.0569636e+02   2.6772021e+01   1.1287316e+02
   0.0000000e+00   5.0000000e+01  -3.0000000e+01   2.0000000e+00   3.8659485e+01   1.1029363e+02   2.7253416e+01   1.1950922e+02
   5.0000000e+01   5.0000000e+01  -3.0000000e+01   2.0000000e+00   3.4903948e+01   1.0569636e+02   2.6772021e+01   1.1287316e+02
   1.0000000e+02   5.0000000e+01  -3.0000000e+01   2.0000000e+00   2.8747418e+01   9.7032742e+01   2.5559476e+01   9.9586759e+01
   1.5000000e+02   5.0000000e+01  -3.0000000e+01   2.0000000e+00   2.5720925e+01   9.2487592e+01   2.4161953e+01   8.9423935e+01
   2.0000000e+02   5.0000000e+01  -3.0000000e+01   2.0000000e+00   2.3724480e+01   8.9312284e+01   2.2995642e+01   8.5131934e+01
   2.5000000e+02   5.0000000e+01  -3.0000000e+01   2.0000000e+00   2.2307995e+01   8.7626056e+01   2.2179617e+01   8.5188421e+01
  -2.5000000e+02   1.0000000e+02  -3.0000000e+01   2.0000000e+00   2.1945310e+01   8.7334667e+01   2.1958506e+01   8.5025356e+01
  -2.0000000e+02   1.0000000e+02  -3.0000000e+01   2.0000000e+00   2.2960252e+01   8.8421573e+01   2.2610795e+01   8.4340328e+01
  -1.5000000e+02   1.0000000e+02  -3.0000000e+01   2.0000000e+00   2.4301215e+01   9.0369043e+01   2.3519602e+01   8.6614156e+01
  -1.0000000e+02   1.0000000e+02  -3.0000000e+01   2.0000000e+00   2.6007117e+01   9.2929843e+01   2.4588871e+01   9.2613666e+01
  -5.0000000e+01   1.0000000e+02  -3.0000000e+01   2.0000000e+00   2.8713200e+01   9.6979983e+01   2.5509563e+01   1.0035525e+02
   0.0000000e+00   1.0000000e+02  -3.0000000e+01   2.0000000e+00   3.0273994e+01   9.9118742e+01   2.5878684e+01   1.0416874e+02
   5.0000000e+01   1.0000000e+02  -3.0000000e+01   2.0000000e+00   2.8713200e+01   9.6979983e+01   2.5509563e+01   1.0035525e+02
   1.0000000e+02   1.0000000e+02  -3.0000000e+01   2.0000000e+00   2.6007117e+01   9.2929843e+01   2.4588871e+01   9.2613666e+01
   1.5000000e+02   1.0000000e+02  -3.0000000e+01   2.0000000e+00   2.4301215e+01   9.0369043e+01   2.3519602e+01   8.6614156e+01
   2.0000000e+02   1.0000000e+02  -3.0000000e+01   2.0000000e+00   2.2960252e+01   8.8421573e+01   2.2610795e+01   8.4340328e+01
   2.5000000e+02   1.0000000e+02  -3.0000000e+01   2.0000000e+00   2.1945310e+01   8.7334667e+01   2.1958506e+01   8.5025356e+01
  -2.5000000e+02   1.5000000e+02  -3.0000000e+01   2.0000000e+00   2.1547674e+01   8.7049732e+01   2.1673086e+01   8.4960846e+01
  -2.0000000e+02   1.5000000e+02  -3.0000000e+01   2.0000000e+00   2.2207568e+01   8.7617945e+01   2.2131013e+01   8.3697981e+01
  -1.5000000e+02   1.5000000e+02  -3.0000000e+01   2.0000000e+00   2.3111874e+01   8.8684813e+01   2.2744006e+01   8.3980530e+01
  -1.0000000e+02   1.5000000e+02  -3.0000000e+01   2.0000000e+00   2.4301195e+01   9.0366915e+01   2.3445801e+01   8.6056509e+01
  -5.0000000e+01   1.5000000e+02  -3.0000000e+01   2.0000000e+00   2.5705579e+01   9.2456215e+01   2.4040199e+01   8.8918717e+01
   0.0000000e+00   1.5000000e+02  -3.0000000e+01   2.0000000e+00   2.6401704e+01   9.3445977e+01   2.4277821e+01   9.0325081e+01
   5.0000000e+01   1.5000000e+02  -3.0000000e+01   2.0000000e+00   2.5705579e+01   9.2456215e+01   2.4040199e+01   8.8918717e+01
   1.0000000e+02   1.5000000e+02  -3.0000000e+01   2.0000000e+00   2.4301195e+01   9.0366915e+01   2.3445801e+01   8.6056509e+01
   1.5000000e+02   1.5000000e+02  -3.0000000e+01   2.0000000e+00   2.3111874e+01   8.8684813e+01   2.2744006e+01   8.3980530e+01
   2.0000000e+02   1.5000000e+02  -3.0000000e+01   2.0000000e+00   2.2207568e+01   8.7617945e+01   2.2131013e+01   8.3697981e+01
   2.5000000e+02   1.5000000e+02  -3.0000000e+01   2.0000000e+00   2.1547674e+01   8.7049732e+01   2.1673086e+01   8.4960846e+01
  -2.5000000e+02   2.0000000e+02  -3.0000000e+01   2.0000000e+00   2.1218583e+01   8.6862262e+01   2.1397203e+01   8.5275807e+01
  -2.0000000e+02   2.0000000e+02  -3.0000000e+01   2.0000000e+00   2.1627705e+01   8.7116403e+01   2.1690113e+01   8.3949669e+01
  -1.5000000e+02   2.0000000e+02  -3.0000000e+01   2.0000000e+00   2.2205870e+01   8.7615531e+01   2.2057939e+01   8.3318753e+01
  -1.0000000e+02   2.0000000e+02  -3.0000000e+01   2.0000000e+00   2.2954161e+01   8.8411232e+01   2.2457659e+01   8.3450241e+01
  -5.0000000e+01   2.0000000e+02  -3.0000000e+01   2.0000000e+00   2.3706525e+01   8.9283032e+01   2.2782562e+01   8.3970115e+01
   0.0000000e+00   2.0000000e+02  -3.0000000e+01   2.0000000e+00   2.4041507e+01   8.9673060e+01   2.2909572e+01   8.4257584e+01
   5.0000000e+01   2.0000000e+02  -3.0000000e+01   2.0000000e+00   2.3706525e+01   8.9283032e+01   2.2782562e+01   8.3970115e+01
   1.0000000e+02   2.0000000e+02  -3.0000000e+01   2.0000000e+00   2.2954161e+01   8.8411232e+01   2.2457659e+01   8.3450241e+01
   1.5000000e+02   2.0000000e+02  -3.0000000e+01   2.0000000e+00   2.2205870e+01   8.7615531e+01   2.2057939e+01   8.3318753e+01
   2.0000000e+02   2.0000000e+02  -3.0000000e+01   2.0000000e+00   2.1627705e+01   8.7116403e+01   2.1690113e+01   8.3949669e+01
   2.5000000e+02   2.0000000e+02  -3.0000000e+01   2.0000000e+00   2.1218583e+01   8.6862262e+01   2.1397203e+01   8.5275807e+01
  -2.5000000e+02   2.5000000e+02  -3.0000000e+01   2.0000000e+00   2.0979908e+01   8.6769778e+01   2.1171409e+01   8.6006744e+01
  -2.0000000e+02   2.5000000e+02  -3.0000000e+01   2.0000000e+00   2.1217740e+01   8.6861742e+01   2.1354530e+01   8.5147691e+01
  -1.5000000e+02   2.5000000e+02  -3.0000000e+01   2.0000000e+00   2.1544934e+01   8.7047412e+01   2.1566195e+01   8.4591420e+01
  -1.0000000e+02   2.5000000e+02  -3.0000000e+01   2.0000000e+00   2.1938507e+01   8.7327837e+01   2.1781519e+01   8.4378077e+01
  -5.0000000e+01   2.5000000e+02  -3.0000000e+01   2.0000000e+00   2.2294323e+01   8.7611700e+01   2.1948322e+01   8.4370037e+01
   0.0000000e+00   2.5000000e+02  -3.0000000e+01   2.0000000e+00   2.2442699e+01   8.7734571e+01   2.2011853e+01   8.4395621e+01
   5.0000000e+01   2.5000000e+02  -3.0000000e+01   2.0000000e+00   2.2294323e+01   8.7611700e+01   2.1948322e+01   8.4370037e+01
   1.0000000e+02   2.5000000e+02  -3.0000000e+01   2.0000000e+00   2.1938507e+01   8.7327837e+01   2.1781519e+01   8.4378077e+01
   1.5000000e+02   2.5000000e+02  -3.0000000e+01   2.0000000e+00   2.1544934e+01   8.7047412e+01   2.1566195e+01   8.4591420e+01
   2.0000000e+02   2.5000000e+02  -3.0000000e+01   2.0000000e+00   2.1217740e+01   8.6861742e+01   2.1354530e+01   8.5147691e+01
   2.5000000e+02   2.5000000e+02  -3.0000000e+01   2.0000000e+00   2.0979908e+01   8.6769778e+01   2.1171409e+01   8.6006744e+01
  -2.5000000e+02  -2.5000000e+02  -3.0000000e+01   3.0000000e+00   1.3818802e+00   1.3437688e+01   1.3595988e+00   1.3340173e+01
  -2.0000000e+02  -2.5000000e+02  -3.0000000e+01   3.0000000e+00   1.3918548e+00   1.3486113e+01   1.3658737e+00   1.3254481e+01
  -1.5000000e+02  -2.5000000e+02  -3.0000000e+01   3.0000000e+00   1.4036443e+00   1.3553168e+01   1.3723274e+00   1.3207269e+01
  -1.0000000e+02  -2.5000000e+02  -3.0000000e+01   3.0000000e+00   1.4164469e+00   1.3635559e+01   1.3782775e+00   1.3200898e+01
  -5.0000000e+01  -2.5000000e+02  -3.0000000e+01   3.0000000e+00   1.4273793e+00   1.3711196e+01   1.3826028e+00   1.3214535e+01
   0.0000000e+00  -2.5000000e+02  -3.0000000e+01   3.0000000e+00   1.4318330e+00   1.3742858e+01   1.3842008e+00   1.3223144e+01
   5.0000000e+01  -2.5000000e+02  -3.0000000e+01   3.0000000e+00   1.4273793e+00   1.3711196e+01   1.3826028e+00   1.3214535e+01
   1.0000000e+02  -2.5000000e+02  -3.0000000e+01   3.0000000e+00   1.4164469e+00   1.3635559e+01   1.3782775e+00   1.3200898e+01
   1.5000000e+02  -2.5000000e+02  -3.0000000e+01   3.0000000e+00   1.4036443e+00   1.3553168e+01   1.3723274e+00   1.3207269e+01
   2.0000000e+02  -2.5000000e+02  -3.0000000e+01   3.0000000e+00   1.3918548e+00   1.3486113e+01   1.3658737e+00   1.3254481e+01
   2.5000000e+02  -2.5000000e+02  -3.0000000e+01   3.0000000e+00   1.3818802e+00   1.3437688e+01   1.3595988e+00   1.3340173e+01
  -2.5000000e+02  -2.0000000e+02  -3.0000000e+01   3.0000000e+00   1.3918200e+00   1.3485931e+01   1.3666144e+00   1.3274020e+01
  -2.0000000e+02  -2.0000000e+02  -3.0000000e+01   3.0000000e+00   1.4061255e+00   1.3570726e+01   1.3751835e+00   1.3138460e+01
  -1.5000000e+02  -2.0000000e+02  -3.0000000e+01   3.0000000e+00   1.4237345e+00   1.3697352e+01   1.3846704e+00   1.3092530e+01
  -1.0000000e+02  -2.0000000e+02  -3.0000000e+01   3.0000000e+00   1.4446190e+00   1.3871314e+01   1.3940453e+00   1.3141124e+01
  -5.0000000e+01  -2.0000000e+02  -3.0000000e+01   3.0000000e+00   1.4647581e+00   1.4051201e+01   1.4012372e+00   1.3231107e+01
   0.0000000e+00  -2.0000000e+02  -3.0000000e+01   3.0000000e+00   1.4736120e+00   1.4131012e+01   1.4039740e+00   1.3276743e+01
   5.0000000e+01  -2.0000000e+02  -3.0000000e+01   3.0000000e+00   1.4647581e+00   1.4051201e+01   1.4012372e+00   1.3231107e+01
   1.0000000e+02  -2.0000000e+02  -3.0000000e+01   3.0000000e+00   1.4446190e+00   1.3871314e+01   1.3940453e+00   1.3141124e+01
   1.5000000e+02  -2.0000000e+02  -3.0000000e+01   3.0000000e+00   1.4237345e+00   1.3697352e+01   1.3846704e+00   1.3092530e+01
   2.0000000e+02  -2.0000000e+02  -3.0000000e+01   3.0000000e+00   1.4061255e+00   1.3570726e+01   1.3751835e+00   1.3138460e+01
   2.5000000e+02  -2.0000000e+02  -3.0000000e+01   3.0000000e+00   1.3918200e+00   1.3485931e+01   1.3666144e+00   1.3274020e+01
  -2.5000000e+02  -1.5000000e+02  -3.0000000e+01   3.0000000e+00   1.4035445e+00   1.3552547e+01   1.3740483e+00   1.3260775e+01
  -2.0000000e+02  -1.5000000e+02  -3.0000000e+01   3.0000000e+00   1.4236708e+00   1.3696817e+01   1.3857074e+00   1.3143084e+01
  -1.5000000e+02  -1.5000000e+02  -3.0000000e+01   3.0000000e+00   1.4481700e+00   1.3916403e+01   1.3995264e+00   1.3224663e+01
  -1.0000000e+02  -1.5000000e+02  -3.0000000e+01   3.0000000e+00   1.4783395e+00   1.4229027e+01   1.4140476e+00   1.3532972e+01
  -5.0000000e+01  -1.5000000e+02  -3.0000000e+01   3.0000000e+00   1.5129625e+00   1.4606709e+01   1.4257315e+00   1.3932191e+01
   0.0000000e+00  -1.5000000e+02  -3.0000000e+01   3.0000000e+00   1.5300677e+00   1.4788345e+01   1.4302915e+00   1.4125061e+01
   5.0000000e+01  -1.5000000e+02  -3.0000000e+01   3.0000000e+00   1.5129625e+00   1.4606709e+01   1.4257315e+00   1.3932191e+01
   1.0000000e+02  -1.5000000e+02  -3.0000000e+01   3.0000000e+00   1.4783395e+00   1.4229027e+01   1.4140476e+00   1.3532972e+01
   1.5000000e+02  -1.5000000e+02  -3.0000000e+01   3.0000000e+00   1.4481700e+00   1.3916403e+01   1.3995264e+00   1.3224663e+01
   2.0000000e+02  -1.5000000e+02  -3.0000000e+01   3.0000000e+00   1.4236708e+00   1.3696817e+01   1.3857074e+00   1.3143084e+01
   2.5000000e+02  -1.5000000e+02  -3.0000000e+01   3.0000000e+00   1.4035445e+00   1.3552547e+01   1.3740483e+00   1.3260775e+01
  -2.5000000e+02  -1.0000000e+02  -3.0000000e+01   3.0000000e+00   1.4162252e+00   1.3633994e+01   1.3809620e+00   1.3290959e+01
  -2.0000000e+02  -1.0000000e+02  -3.0000000e+01   3.0000000e+00   1.4444164e+00   1.3869314e+01   1.3960247e+00   1.3253647e+01
  -1.5000000e+02  -1.0000000e+02  -3.0000000e+01   3.0000000e+00   1.4782707e+00   1.4228147e+01   1.4147607e+00   1.3594356e+01
  -1.0000000e+02  -1.0000000e+02  -3.0000000e+01   3.0000000e+00   1.5196372e+00   1.4689503e+01   1.4351475e+00   1.4405214e+01
  -5.0000000e+01  -1.0000000e+02  -3.0000000e+01   3.0000000e+00   1.5825757e+00   1.5414154e+01   1.4518609e+00   1.5425994e+01
   0.0000000e+00  -1.0000000e+02  -3.0000000e+01   3.0000000e+00   1.6189253e+00   1.5809677e+01   1.4583930e+00   1.5924699e+01
   5.0000000e+01  -1.0000000e+02  -3.0000000e+01   3.0000000e+00   1.5825757e+00   1.5414154e+01   1.4518609e+00   1.5425994e+01
   1.0000000e+02  -1.0000000e+02  -3.0000000e+01   3.0000000e+00   1.5196372e+00   1.4689503e+01   1.4351475e+00   1.4405214e+01
   1.5000000e+02  -1.0000000e+02  -3.0000000e+01   3.0000000e+00   1.4782707e+00   1.4228147e+01   1.4147607e+00   1.3594356e+01
   2.0000000e+02  -1.0000000e+02  -3.0000000e+01   3.0000000e+00   1.4444164e+00   1.3869314e+01   1.3960247e+00   1.3253647e+01
   2.5000000e+02  -1.0000000e+02  -3.0000000e+01   3.0000000e+00   1.4162252e+00   1.3633994e+01   1.3809620e+00   1.3290959e+01
  -2.5000000e+02  -5.0000000e+01  -3.0000000e+01   3.0000000e+00   1.4269658e+00   1.3708104e+01   1.3859528e+00   1.3325745e+01
  -2.0000000e+02  -5.0000000e+01  -3.0000000e+01   3.0000000e+00   1.4642475e+00   1.4045970e+01   1.4037721e+00   1.3370979e+01
  -1.5000000e+02  -5.0000000e+01  -3.0000000e+01   3.0000000e+00   1.5125238e+00   1.4601275e+01   1.4266493e+00   1.3966278e+01
  -1.0000000e+02  -5.0000000e+01  -3.0000000e+01   3.0000000e+00   1.5820324e+00   1.5408377e+01   1.4521225e+00   1.5296541e+01
  -5.0000000e+01  -5.0000000e+01  -3.0000000e+01   3.0000000e+00   1.7160048e+00   1.6960175e+01   1.4731914e+00   1.7006591e+01
   0.0000000e+00  -5.0000000e+01  -3.0000000e+01   3.0000000e+00   1.7987570e+00   1.7833646e+01   1.4813321e+00   1.7855611e+01
   5.0000000e+01  -5.0000000e+01  -3.0000000e+01   3.0000000e+00   1.7160048e+00   1.6960175e+01   1.4731914e+00   1.7006591e+01
   1.0000000e+02  -5.0000000e+01  -3.0000000e+01   3.0000000e+00   1.5820324e+00   1.5408377e+01   1.4521225e+00   1.5296541e+01
   1.5000000e+02  -5.0000000e+01  -3.0000000e+01   3.0000000e+00   1.5125238e+00   1.4601275e+01   1.4266493e+00   1.3966278e+01
   2.0000000e+02  -5.0000000e+01  -3.0000000e+01   3.0000000e+00   1.4642475e+00   1.4045970e+01   1.4037721e+00   1.3370979e+01
   2.5000000e+02  -5.0000000e+01  -3.0000000e+01   3.0000000e+00   1.4269658e+00   1.3708104e+01   1.3859528e+00   1.3325745e+01
  -2.5000000e+02   0.0000000e+00  -3.0000000e+01   3.0000000e+00   1.4312231e+00   1.3738278e+01   1.3877437e+00   1.3338892e+01
  -2.0000000e+02   0.0000000e+00  -3.0000000e+01   3.0000000e+00   1.4727183e+00   1.4122117e+01   1.4066164e+00   1.3415388e+01
  -1.5000000e+02   0.0000000e+00  -3.0000000e+01   3.0000000e+00   1.5289274e+00   1.4775218e+01   1.4311380e+00   1.4109003e+01
  -1.0000000e+02   0.0000000e+00  -3.0000000e+01   3.0000000e+00   1.6168673e+00   1.5787301e+01   1.4587537e+00   1.5650729e+01
  -5.0000000e+01   0.0000000e+00  -3.0000000e+01   3.0000000e+00   1.7956385e+00   1.7800068e+01   1.4818015e+00   1.7660522e+01
   0.0000000e+00   0.0000000e+00  -3.0000000e+01   3.0000000e+00   1.9078653e+00   1.8950867e+01   1.4907357e+00   1.8670658e+01
   5.0000000e+01   0.0000000e+00  -3.0000000e+01   3.0000000e+00   1.7956385e+00   1.7800068e+01   1.4818015e+00   1.7660522e+01
   1.0000000e+02   0.0000000e+00  -3.0000000e+01   3.0000000e+00   1.6168673e+00   1.5787301e+01   1.4587537e+00   1.5650729e+01
   1.5000000e+02   0.0000000e+00  -3.0000000e+01   3.0000000e+00   1.5289274e+00   1.4775218e+01   1.4311380e+00   1.4109003e+01
   2.0000000e+02   0.0000000e+00  -3.0000000e+01   3.0000000e+00   1.4727183e+00   1.4122117e+01   1.4066164e+00   1.3415388e+01
   2.5000000e+02   0.0000000e+00  -3.0000000e+01   3.0000000e+00   1.4312231e+00   1.3738278e+01   1.3877437e+00   1.3338892e+01
  -2.5000000e+02   5.0000000e+01  -3.0000000e+01   3.0000000e+00   1.4266804e+00   1.3706096e+01   1.3858270e+00   1.3324764e+01
  -2.0000000e+02   5.0000000e+01  -3.0000000e+01   3.0000000e+00   1.4636916e+00   1.4040972e+01   1.4035728e+00   1.3367740e+01
  -1.5000000e+02   5.0000000e+01  -3.0000000e+01   3.0000000e+00   1.5114810e+00   1.4590049e+01   1.4263371e+00   1.3956289e+01
  -1.0000000e+02   5.0000000e+01  -3.0000000e+01   3.0000000e+00   1.5798993e+00   1.5384319e+01   1.4516688e+00   1.5272498e+01
  -5.0000000e+01   5.0000000e+01  -3.0000000e+01   3.0000000e+00   1.7111992e+00   1.6906805e+01   1.4726199e+00   1.6963740e+01
   0.0000000e+00   5.0000000e+01  -3.0000000e+01   3.0000000e+00   1.7922042e+00   1.7763101e+01   1.4807196e+00   1.7803361e+01
   5.0000000e+01   5.0000000e+01  -3.0000000e+01   3.0000000e+00   1.7111992e+00   1.6906805e+01   1.4726199e+00   1.6963740e+01
   1.0000000e+02   5.0000000e+01  -3.0000000e+01   3.0000000e+00   1.5798993e+00   1.5384319e+01   1.4516688e+00   1.5272498e+01
   1.5000000e+02   5.0000000e+01  -3.0000000e+01   3.0000000e+00   1.5114810e+00   1.4590049e+01   1.4263371e+00   1.3956289e+01
   2.0000000e+02   5.0000000e+01  -3.0000000e+01   3.0000000e+00   1.4636916e+00   1.4040972e+01   1.4035728e+00   1.3367740e+01
   2.5000000e+02   5.0000000e+01  -3.0000000e+01   3.0000000e+00   1.4266804e+00   1.3706096e+01   1.3858270e+00   1.3324764e+01
  -2.5000000e+02   1.0000000e+02  -3.0000000e+01   3.0000000e+00   1.4158000e+00   1.3631141e+01   1.3807444e+00   1.3289426e+01
  -2.0000000e+02   1.0000000e+02  -3.0000000e+01   3.0000000e+00   1.4436772e+00   1.3862876e+01   1.3956923e+00   1.3248738e+01
  -1.5000000e+02   1.0000000e+02  -3.0000000e+01   3.0000000e+00   1.4771172e+00   1.4215720e+01   1.4142621e+00   1.3579601e+01
  -1.0000000e+02   1.0000000e+02  -3.0000000e+01   3.0000000e+00   1.5178848e+00   1.4669768e+01   1.4344559e+00   1.4371116e+01
  -5.0000000e+01   1.0000000e+02  -3.0000000e+01   3.0000000e+00   1.5792415e+00   1.5375507e+01   1.4510196e+00   1.5367445e+01
   0.0000000e+00   1.0000000e+02  -3.0000000e+01   3.0000000e+00   1.6145218e+00   1.5759549e+01   1.4575020e+00   1.5854186e+01
   5.0000000e+01   1.0000000e+02  -3.0000000e+01   3.0000000e+00   1.5792415e+00   1.5375507e+01   1.4510196e+00   1.5367445e+01
   1.0000000e+02   1.0000000e+02  -3.0000000e+01   3.0000000e+00   1.5178848e+00   1.4669768e+01   1.4344559e+00   1.4371116e+01
   1.5000000e+02   1.0000000e+02  -3.0000000e+01   3.0000000e+00   1.4771172e+00   1.4215720e+01   1.4142621e+00   1.3579601e+01
   2.0000000e+02   1.0000000e+02  -3.0000000e+01   3.0000000e+00   1.4436772e+00   1.3862876e+01   1.3956923e+00   1.3248738e+01
   2.5000000e+02   1.0000000e+02  -3.0000000e+01   3.0000000e+00   1.4158000e+00   1.3631141e+01   1.3807444e+00   1.3289426e+01
  -2.5000000e+02   1.5000000e+02  -3.0000000e+01   3.0000000e+00   1.4031195e+00   1.3549970e+01   1.3737872e+00   1.3259775e+01
  -2.0000000e+02   1.5000000e+02  -3.0000000e+01   3.0000000e+00   1.4230143e+00   1.3691717e+01   1.3853263e+00   1.3139838e+01
  -1.5000000e+02   1.5000000e+02  -3.0000000e+01   3.0000000e+00   1.4472613e+00   1.3907567e+01   1.3989763e+00   1.3214316e+01
  -1.0000000e+02   1.5000000e+02  -3.0000000e+01   3.0000000e+00   1.4771361e+00   1.4215483e+01   1.4132959e+00   1.3509066e+01
  -5.0000000e+01   1.5000000e+02  -3.0000000e+01   3.0000000e+00   1.5111774e+00   1.4585138e+01   1.4248052e+00   1.3891789e+01
   0.0000000e+00   1.5000000e+02  -3.0000000e+01   3.0000000e+00   1.5279105e+00   1.4762224e+01   1.4292952e+00   1.4076631e+01
   5.0000000e+01   1.5000000e+02  -3.0000000e+01   3.0000000e+00   1.5111774e+00   1.4585138e+01   1.4248052e+00   1.3891789e+01
   1.0000000e+02   1.5000000e+02  -3.0000000e+01   3.0000000e+00   1.4771361e+00   1.4215483e+01   1.4132959e+00   1.3509066e+01
   1.5000000e+02   1.5000000e+02  -3.0000000e+01   3.0000000e+00   1.4472613e+00   1.3907567e+01   1.3989763e+00   1.3214316e+01
   2.0000000e+02   1.5000000e+02  -3.0000000e+01   3.0000000e+00   1.4230143e+00   1.3691717e+01   1.3853263e+00   1.3139838e+01
   2.5000000e+02   1.5000000e+02  -3.0000000e+01   3.0000000e+00   1.4031195e+00   1.3549970e+01   1.3737872e+00   1.3259775e+01
  -2.5000000e+02   2.0000000e+02  -3.0000000e+01   3.0000000e+00   1.3914505e+00   1.3483995e+01   1.3663506e+00   1.3274314e+01
  -2.0000000e+02   2.0000000e+02  -3.0000000e+01   3.0000000e+00   1.4055870e+00   1.3567224e+01   1.3748200e+00   1.3138715e+01
  -1.5000000e+02   2.0000000e+02  -3.0000000e+01   3.0000000e+00   1.4229768e+00   1.3691281e+01   1.3841730e+00   1.3090491e+01
  -1.0000000e+02   2.0000000e+02  -3.0000000e+01   3.0000000e+00   1.4435487e+00   1.3861159e+01   1.3933933e+00   1.3134165e+01
  -5.0000000e+01   2.0000000e+02  -3.0000000e+01   3.0000000e+00   1.4632928e+00   1.4036045e+01   1.4004527e+00   1.3218304e+01
   0.0000000e+00   2.0000000e+02  -3.0000000e+01   3.0000000e+00   1.4719463e+00   1.4113470e+01   1.4031362e+00   1.3261180e+01
   5.0000000e+01   2.0000000e+02  -3.0000000e+01   3.0000000e+00   1.4632928e+00   1.4036045e+01   1.4004527e+00   1.3218304e+01
   1.0000000e+02   2.0000000e+02  -3.0000000e+01   3.0000000e+00   1.4435487e+00   1.3861159e+01   1.3933933e+00   1.3134165e+01
   1.5000000e+02   2.0000000e+02  -3.0000000e+01   3.0000000e+00   1.4229768e+00   1.3691281e+01   1.3841730e+00   1.3090491e+01
   2.0000000e+02   2.0000000e+02  -3.0000000e+01   3.0000000e+00   1.4055870e+00   1.3567224e+01   1.3748200e+00   1.3138715e+01
   2.5000000e+02   2.0000000e+02  -3.0000000e+01   3.0000000e+00   1.3914505e+00   1.3483995e+01   1.3663506e+00   1.3274314e+01
  -2.5000000e+02   2.5000000e+02  -3.0000000e+01   3.0000000e+00   1.3815740e+00   1.3436333e+01   1.3593555e+00   1.3340818e+01
  -2.0000000e+02   2.5000000e+02  -3.0000000e+01   3.0000000e+00   1.3914226e+00   1.3483823e+01   1.3655580e+00   1.3256316e+01
  -1.5000000e+02   2.5000000e+02  -3.0000000e+01   3.0000000e+00   1.4030414e+00   1.3549389e+01   1.3719229e+00   1.3209450e+01
  -1.0000000e+02   2.5000000e+02  -3.0000000e+01   3.0000000e+00   1.4156205e+00   1.3629644e+01   1.3777781e+00   1.3202456e+01
  -5.0000000e+01   2.5000000e+02  -3.0000000e+01   3.0000000e+00   1.4263256e+00   1.3703060e+01   1.3820265e+00   1.3215022e+01
   0.0000000e+00   2.5000000e+02  -3.0000000e+01   3.0000000e+00   1.4306775e+00   1.3733737e+01   1.3835944e+00   1.3223088e+01
   5.0000000e+01   2.5000000e+02  -3.0000000e+01   3.0000000e+00   1.4263256e+00   1.3703060e+01   1.3820265e+00   1.3215022e+01
   1.0000000e+02   2.5000000e+02  -3.0000000e+01   3.0000000e+00   1.4156205e+00   1.3629644e+01   1.3777781e+00   1.3202456e+01
   1.5000000e+02   2.5000000e+02  -3.0000000e+01   3.0000000e+00   1.4030414e+00   1.3549389e+01   1.3719229e+00   1.3209450e+01
   2.0000000e+02   2.5000000e+02  -3.0000000e+01   3.0000000e+00   1.3914226e+00   1.3483823e+01   1.3655580e+00   1.3256316e+01
   2.5000000e+02   2.5000000e+02  -3.0000000e+01   3.0000000e+00   1.3815740e+00   1.3436333e+01   1.3593555e+00   1.3340818e+01
  -2.5000000e+02  -2.5000000e+02  -3.0000000e+01   4.0000000e+00   3.7299465e+00   1.7204642e+01   3.7517093e+00   1.7059856e+01
  -2.0000000e+02  -2.5000000e+02  -3.0000000e+01   4.0000000e+00   3.7455964e+00   1.7241139e+01   3.7614122e+00   1.6914938e+01
  -1.5000000e+02  -2.5000000e+02  -3.0000000e+01   4.0000000e+00   3.7503764e+00   1.7281187e+01   3.7638741e+00   1.6818235e+01
  -1.0000000e+02  -2.5000000e+02  -3.0000000e+01   4.0000000e+00   3.7474779e+00   1.7325916e+01   3.7593040e+00   1.6772003e+01
  -5.0000000e+01  -2.5000000e+02  -3.0000000e+01   4.0000000e+00   3.7470559e+00   1.7373218e+01   3.7515580e+00   1.6756619e+01
   0.0000000e+00  -2.5000000e+02  -3.0000000e+01   4.0000000e+00   3.7486327e+00   1.7395869e+01   3.7476964e+00   1.6753902e+01
   5.0000000e+01  -2.5000000e+02  -3.0000000e+01   4.0000000e+00   3.7470559e+00   1.7373218e+01   3.7515580e+00   1.6756619e+01
   1.0000000e+02  -2.5000000e+02  -3.0000000e+01   4.0000000e+00   3.7474779e+00   1.7325916e+01   3.7593040e+00   1.6772003e+01
   1.5000000e+02  -2.5000000e+02  -3.0000000e+01   4.0000000e+00   3.7503764e+00   1.7281187e+01   3.7638741e+00   1.6818235e+01
   2.0000000e+02  -2.5000000e+02  -3.0000000e+01   4.0000000e+00   3.7455964e+00   1.7241139e+01   3.7614122e+00   1.6914938e+01
   2.5000000e+02  -2.5000000e+02  -3.0000000e+01   4.0000000e+00   3.7299465e+00   1.7204642e+01   3.7517093e+00   1.7059856e+01
  -2.5000000e+02  -2.0000000e+02  -3.0000000e+01   4.0000000e+00   3.7710880e+00   1.7236094e+01   3.7771033e+00   1.6903703e+01
  -2.0000000e+02  -2.0000000e+02  -3.0000000e+01   4.0000000e+00   3.8090983e+00   1.7299592e+01   3.7922620e+00   1.6653602e+01
  -1.5000000e+02  -2.0000000e+02  -3.0000000e+01   4.0000000e+00   3.8319412e+00   1.7362848e+01   3.7988722e+00   1.6497467e+01
  -1.0000000e+02  -2.0000000e+02  -3.0000000e+01   4.0000000e+00   3.8389688e+00   1.7420989e+01   3.7936374e+00   1.6434780e+01
  -5.0000000e+01  -2.0000000e+02  -3.0000000e+01   4.0000000e+00   3.8531901e+00   1.7497951e+01   3.7806032e+00   1.6425797e+01
   0.0000000e+00  -2.0000000e+02  -3.0000000e+01   4.0000000e+00   3.8654624e+00   1.7542496e+01   3.7733841e+00   1.6428489e+01
   5.0000000e+01  -2.0000000e+02  -3.0000000e+01   4.0000000e+00   3.8531901e+00   1.7497951e+01   3.7806032e+00   1.6425797e+01
   1.0000000e+02  -2.0000000e+02  -3.0000000e+01   4.0000000e+00   3.8389688e+00   1.7420989e+01   3.7936374e+00   1.6434780e+01
   1.5000000e+02  -2.0000000e+02  -3.0000000e+01   4.0000000e+00   3.8319412e+00   1.7362848e+01   3.7988722e+00   1.6497467e+01
   2.0000000e+02  -2.0000000e+02  -3.0000000e+01   4.0000000e+00   3.8090983e+00   1.7299592e+01   3.7922620e+00   1.6653602e+01
   2.5000000e+02  -2.0000000e+02  -3.0000000e+01   4.0000000e+00   3.7710880e+00   1.7236094e+01   3.7771033e+00   1.6903703e+01
  -2.5000000e+02  -1.5000000e+02  -3.0000000e+01   4.0000000e+00   3.8296891e+00   1.7278753e+01   3.8303617e+00   1.6862575e+01
  -2.0000000e+02  -1.5000000e+02  -3.0000000e+01   4.0000000e+00   3.9257427e+00   1.7410952e+01   3.8777874e+00   1.6630069e+01
  -1.5000000e+02  -1.5000000e+02  -3.0000000e+01   4.0000000e+00   4.0408786e+00   1.7595149e+01   3.9279756e+00   1.6619661e+01
  -1.0000000e+02  -1.5000000e+02  -3.0000000e+01   4.0000000e+00   4.1763498e+00   1.7820684e+01   3.9683178e+00   1.6823223e+01
  -5.0000000e+01  -1.5000000e+02  -3.0000000e+01   4.0000000e+00   4.3501019e+00   1.8131744e+01   3.9879346e+00   1.7095302e+01
   0.0000000e+00  -1.5000000e+02  -3.0000000e+01   4.0000000e+00   4.4461620e+00   1.8303671e+01   3.9917840e+00   1.7220957e+01
   5.0000000e+01  -1.5000000e+02  -3.0000000e+01   4.0000000e+00   4.3501019e+00   1.8131744e+01   3.9879346e+00   1.7095302e+01
   1.0000000e+02  -1.5000000e+02  -3.0000000e+01   4.0000000e+00   4.1763498e+00   1.7820684e+01   3.9683178e+00   1.6823223e+01
   1.5000000e+02  -1.5000000e+02  -3.0000000e+01   4.0000000e+00   4.0408786e+00   1.7595149e+01   3.9279756e+00   1.6619661e+01
   2.0000000e+02  -1.5000000e+02  -3.0000000e+01   4.0000000e+00   3.9257427e+00   1.7410952e+01   3.8777874e+00   1.6630069e+01
   2.5000000e+02  -1.5000000e+02  -3.0000000e+01   4.0000000e+00   3.8296891e+00   1.7278753e+01   3.8303617e+00   1.6862575e+01
  -2.5000000e+02  -1.0000000e+02  -3.0000000e+01   4.0000000e+00   3.8880675e+00   1.7314348e+01   3.9012296e+00   1.6902038e+01
  -2.0000000e+02  -1.0000000e+02  -3.0000000e+01   4.0000000e+00   4.0663315e+00   1.7544888e+01   4.0063069e+00   1.6817646e+01
  -1.5000000e+02  -1.0000000e+02  -3.0000000e+01   4.0000000e+00   4.3670395e+00   1.8020362e+01   4.1502067e+00   1.7262860e+01
  -1.0000000e+02  -1.0000000e+02  -3.0000000e+01   4.0000000e+00   4.8686326e+00   1.8922029e+01   4.3165639e+00   1.8346312e+01
  -5.0000000e+01  -1.0000000e+02  -3.0000000e+01   4.0000000e+00   5.5326543e+00   2.0149645e+01   4.4566519e+00   1.9693889e+01
   0.0000000e+00  -1.0000000e+02  -3.0000000e+01   4.0000000e+00   5.8695564e+00   2.0732524e+01   4.5117741e+00   2.0342862e+01
   5.0000000e+01  -1.0000000e+02  -3.0000000e+01   4.0000000e+00   5.5326543e+00   2.0149645e+01   4.4566519e+00   1.9693889e+01
   1.0000000e+02  -1.0000000e+02  -3.0000000e+01   4.0000000e+00   4.8686326e+00   1.8922029e+01   4.3165639e+00   1.8346312e+01
   1.5000000e+02  -1.0000000e+02  -3.0000000e+01   4.0000000e+00   4.3670395e+00   1.8020362e+01   4.1502067e+00   1.7262860e+01
   2.0000000e+02  -1.0000000e+02  -3.0000000e+01   4.0000000e+00   4.0663315e+00   1.7544888e+01   4.0063069e+00   1.6817646e+01
   2.5000000e+02  -1.0000000e+02  -3.0000000e+01   4.0000000e+00   3.8880675e+00   1.7314348e+01   3.9012296e+00   1.6902038e+01
  -2.5000000e+02  -5.0000000e+01  -3.0000000e+01   4.0000000e+00   3.9217027e+00   1.7322394e+01   3.9597308e+00   1.6944867e+01
  -2.0000000e+02  -5.0000000e+01  -3.0000000e+01   4.0000000e+00   4.1502031e+00   1.7599104e+01   4.1167305e+00   1.6999045e+01
  -1.5000000e+02  -5.0000000e+01  -3.0000000e+01   4.0000000e+00   4.5666846e+00   1.8231554e+01   4.3500999e+00   1.7874133e+01
  -1.0000000e+02  -5.0000000e+01  -3.0000000e+01   4.0000000e+00   5.2918138e+00   1.9505966e+01   4.6472430e+00   1.9869385e+01
  -5.0000000e+01  -5.0000000e+01  -3.0000000e+01   4.0000000e+00   6.2192393e+00   2.1187318e+01   4.9262862e+00   2.2484409e+01
   0.0000000e+00  -5.0000000e+01  -3.0000000e+01   4.0000000e+00   6.6677517e+00   2.1947822e+01   5.0460137e+00   2.3819159e+01
   5.0000000e+01  -5.0000000e+01  -3.0000000e+01   4.0000000e+00   6.2192393e+00   2.1187318e+01   4.9262862e+00   2.2484409e+01
   1.0000000e+02  -5.0000000e+01  -3.0000000e+01   4.0000000e+00   5.2918138e+00   1.9505966e+01   4.6472430e+00   1.9869385e+01
   1.5000000e+02  -5.0000000e+01  -3.0000000e+01   4.0000000e+00   4.5666846e+00   1.8231554e+01   4.3500999e+00   1.7874133e+01
   2.0000000e+02  -5.0000000e+01  -3.0000000e+01   4.0000000e+00   4.1502031e+00   1.7599104e+01   4.1167305e+00   1.6999045e+01
   2.5000000e+02  -5.0000000e+01  -3.0000000e+01   4.0000000e+00   3.9217027e+00   1.7322394e+01   3.9597308e+00   1.6944867e+01
  -2.5000000e+02   0.0000000e+00  -3.0000000e+01   4.0000000e+00   3.9299608e+00   1.7318952e+01   3.9811551e+00   1.6956849e+01
  -2.0000000e+02   0.0000000e+00  -3.0000000e+01   4.0000000e+00   4.1679377e+00   1.7597088e+01   4.1569418e+00   1.7052480e+01
  -1.5000000e+02   0.0000000e+00  -3.0000000e+01   4.0000000e+00   4.5967001e+00   1.8231543e+01   4.4220293e+00   1.8058922e+01
  -1.0000000e+02   0.0000000e+00  -3.0000000e+01   4.0000000e+00   5.3217783e+00   1.9497498e+01   4.7644225e+00   2.0333590e+01
  -5.0000000e+01   0.0000000e+00  -3.0000000e+01   4.0000000e+00   6.2119270e+00   2.1158546e+01   5.0907402e+00   2.3344277e+01
   0.0000000e+00   0.0000000e+00  -3.0000000e+01   4.0000000e+00   6.6244285e+00   2.1888125e+01   5.2320415e+00   2.4891459e+01
   5.0000000e+01   0.0000000e+00  -3.0000000e+01   4.0000000e+00   6.2119270e+00   2.1158546e+01   5.0907402e+00   2.3344277e+01
   1.0000000e+02   0.0000000e+00  -3.0000000e+01   4.0000000e+00   5.3217783e+00   1.9497498e+01   4.7644225e+00   2.0333590e+01
   1.5000000e+02   0.0000000e+00  -3.0000000e+01   4.0000000e+00   4.5967001e+00   1.8231543e+01   4.4220293e+00   1.8058922e+01
   2.0000000e+02   0.0000000e+00  -3.0000000e+01   4.0000000e+00   4.1679377e+00   1.7597088e+01   4.1569418e+00   1.7052480e+01
   2.5000000e+02   0.0000000e+00  -3.0000000e+01   4.0000000e+00   3.9299608e+00   1.7318952e+01   3.9811551e+00   1.6956849e+01
  -2.5000000e+02   5.0000000e+01  -3.0000000e+01   4.0000000e+00   3.9210398e+00   1.7322480e+01   3.9582711e+00   1.6943966e+01
  -2.0000000e+02   5.0000000e+01  -3.0000000e+01   4.0000000e+00   4.1486662e+00   1.7598729e+01   4.1139470e+00   1.6995226e+01
  -1.5000000e+02   5.0000000e+01  -3.0000000e+01   4.0000000e+00   4.5635603e+00   1.8229872e+01   4.3450303e+00   1.7861518e+01
  -1.0000000e+02   5.0000000e+01  -3.0000000e+01   4.0000000e+00   5.2868580e+00   1.9502622e+01   4.6388645e+00   1.9839014e+01
  -5.0000000e+01   5.0000000e+01  -3.0000000e+01   4.0000000e+00   6.2140921e+00   2.1183402e+01   4.9145577e+00   2.2432540e+01
   0.0000000e+00   5.0000000e+01  -3.0000000e+01   4.0000000e+00   6.6634239e+00   2.1944744e+01   5.0328432e+00   2.3757844e+01
   5.0000000e+01   5.0000000e+01  -3.0000000e+01   4.0000000e+00   6.2140921e+00   2.1183402e+01   4.9145577e+00   2.2432540e+01
   1.0000000e+02   5.0000000e+01  -3.0000000e+01   4.0000000e+00   5.2868580e+00   1.9502622e+01   4.6388645e+00   1.9839014e+01
   1.5000000e+02   5.0000000e+01  -3.0000000e+01   4.0000000e+00   4.5635603e+00   1.8229872e+01   4.3450303e+00   1.7861518e+01
   2.0000000e+02   5.0000000e+01  -3.0000000e+01   4.0000000e+00   4.1486662e+00   1.7598729e+01   4.1139470e+00   1.6995226e+01
   2.5000000e+02   5.0000000e+01  -3.0000000e+01   4.0000000e+00   3.9210398e+00   1.7322480e+01   3.9582711e+00   1.6943966e+01
  -2.5000000e+02   1.0000000e+02  -3.0000000e+01   4.0000000e+00   3.8863815e+00   1.7313541e+01   3.8988432e+00   1.6900125e+01
  -2.0000000e+02   1.0000000e+02  -3.0000000e+01   4.0000000e+00   4.0620561e+00   1.7541164e+01   4.0017892e+00   1.6810000e+01
  -1.5000000e+02   1.0000000e+02  -3.0000000e+01   4.0000000e+00   4.3564320e+00   1.8006673e+01   4.1419925e+00   1.7238207e+01
  -1.0000000e+02   1.0000000e+02  -3.0000000e+01   4.0000000e+00   4.8446121e+00   1.8882626e+01   4.3029547e+00   1.8287032e+01
  -5.0000000e+01   1.0000000e+02  -3.0000000e+01   4.0000000e+00   5.4906434e+00   2.0076061e+01   4.4374538e+00   1.9590010e+01
   0.0000000e+00   1.0000000e+02  -3.0000000e+01   4.0000000e+00   5.8189107e+00   2.0644275e+01   4.4900678e+00   2.0216799e+01
   5.0000000e+01   1.0000000e+02  -3.0000000e+01   4.0000000e+00   5.4906434e+00   2.0076061e+01   4.4374538e+00   1.9590010e+01
   1.0000000e+02   1.0000000e+02  -3.0000000e+01   4.0000000e+00   4.8446121e+00   1.8882626e+01   4.3029547e+00   1.8287032e+01
   1.5000000e+02   1.0000000e+02  -3.0000000e+01   4.0000000e+00   4.3564320e+00   1.8006673e+01   4.1419925e+00   1.7238207e+01
   2.0000000e+02   1.0000000e+02  -3.0000000e+01   4.0000000e+00   4.0620561e+00   1.7541164e+01   4.0017892e+00   1.6810000e+01
   2.5000000e+02   1.0000000e+02  -3.0000000e+01   4.0000000e+00   3.8863815e+00   1.7313541e+01   3.8988432e+00   1.6900125e+01
  -2.5000000e+02   1.5000000e+02  -3.0000000e+01   4.0000000e+00   3.8275314e+00   1.7277239e+01   3.8281131e+00   1.6861639e+01
  -2.0000000e+02   1.5000000e+02  -3.0000000e+01   4.0000000e+00   3.9209610e+00   1.7406242e+01   3.8739066e+00   1.6625804e+01
  -1.5000000e+02   1.5000000e+02  -3.0000000e+01   4.0000000e+00   4.0310475e+00   1.7583092e+01   3.9216732e+00   1.6605829e+01
  -1.0000000e+02   1.5000000e+02  -3.0000000e+01   4.0000000e+00   4.1581527e+00   1.7795609e+01   3.9591529e+00   1.6793260e+01
  -5.0000000e+01   1.5000000e+02  -3.0000000e+01   4.0000000e+00   4.3212280e+00   1.8089083e+01   3.9764352e+00   1.7048682e+01
   0.0000000e+00   1.5000000e+02  -3.0000000e+01   4.0000000e+00   4.4118678e+00   1.8252268e+01   3.9794116e+00   1.7167269e+01
   5.0000000e+01   1.5000000e+02  -3.0000000e+01   4.0000000e+00   4.3212280e+00   1.8089083e+01   3.9764352e+00   1.7048682e+01
   1.0000000e+02   1.5000000e+02  -3.0000000e+01   4.0000000e+00   4.1581527e+00   1.7795609e+01   3.9591529e+00   1.6793260e+01
   1.5000000e+02   1.5000000e+02  -3.0000000e+01   4.0000000e+00   4.0310475e+00   1.7583092e+01   3.9216732e+00   1.6605829e+01
   2.0000000e+02   1.5000000e+02  -3.0000000e+01   4.0000000e+00   3.9209610e+00   1.7406242e+01   3.8739066e+00   1.6625804e+01
   2.5000000e+02   1.5000000e+02  -3.0000000e+01   4.0000000e+00   3.8275314e+00   1.7277239e+01   3.8281131e+00   1.6861639e+01
  -2.5000000e+02   2.0000000e+02  -3.0000000e+01   4.0000000e+00   3.7693592e+00   1.7234797e+01   3.7757159e+00   1.6905307e+01
  -2.0000000e+02   2.0000000e+02  -3.0000000e+01   4.0000000e+00   3.8061099e+00   1.7296844e+01   3.7902838e+00   1.6656011e+01
  -1.5000000e+02   2.0000000e+02  -3.0000000e+01   4.0000000e+00   3.8275365e+00   1.7358506e+01   3.7962740e+00   1.6499038e+01
  -1.0000000e+02   2.0000000e+02  -3.0000000e+01   4.0000000e+00   3.8332498e+00   1.7415476e+01   3.7906288e+00   1.6434078e+01
  -5.0000000e+01   2.0000000e+02  -3.0000000e+01   4.0000000e+00   3.8458756e+00   1.7490399e+01   3.7775265e+00   1.6422768e+01
   0.0000000e+00   2.0000000e+02  -3.0000000e+01   4.0000000e+00   3.8572080e+00   1.7533533e+01   3.7703575e+00   1.6424529e+01
   5.0000000e+01   2.0000000e+02  -3.0000000e+01   4.0000000e+00   3.8458756e+00   1.7490399e+01   3.7775265e+00   1.6422768e+01
   1.0000000e+02   2.0000000e+02  -3.0000000e+01   4.0000000e+00   3.8332498e+00   1.7415476e+01   3.7906288e+00   1.6434078e+01
   1.5000000e+02   2.0000000e+02  -3.0000000e+01   4.0000000e+00   3.8275365e+00   1.7358506e+01   3.7962740e+00   1.6499038e+01
   2.0000000e+02   2.0000000e+02  -3.0000000e+01   4.0000000e+00   3.8061099e+00   1.7296844e+01   3.7902838e+00   1.6656011e+01
   2.5000000e+02   2.0000000e+02  -3.0000000e+01   4.0000000e+00   3.7693592e+00   1.7234797e+01   3.7757159e+00   1.6905307e+01
  -2.5000000e+02   2.5000000e+02  -3.0000000e+01   4.0000000e+00   3.7288742e+00   1.7203787e+01   3.7509380e+00   1.7063147e+01
  -2.0000000e+02   2.5000000e+02  -3.0000000e+01   4.0000000e+00   3.7441644e+00   1.7239750e+01   3.7606227e+00   1.6920854e+01
  -1.5000000e+02   2.5000000e+02  -3.0000000e+01   4.0000000e+00   3.7488599e+00   1.7279430e+01   3.7632121e+00   1.6826327e+01
  -1.0000000e+02   2.5000000e+02  -3.0000000e+01   4.0000000e+00   3.7461521e+00   1.7323909e+01   3.7589497e+00   1.6781626e+01
  -5.0000000e+01   2.5000000e+02  -3.0000000e+01   4.0000000e+00   3.7458188e+00   1.7370648e+01   3.7515802e+00   1.6767166e+01
   0.0000000e+00   2.5000000e+02  -3.0000000e+01   4.0000000e+00   3.7473581e+00   1.7392909e+01   3.7478966e+00   1.6764769e+01
   5.0000000e+01   2.5000000e+02  -3.0000000e+01   4.0000000e+00   3.7458188e+00   1.7370648e+01   3.7515802e+00   1.6767166e+01
   1.0000000e+02   2.5000000e+02  -3.0000000e+01   4.0000000e+00   3.7461521e+00   1.7323909e+01   3.7589497e+00   1.6781626e+01
   1.5000000e+02   2.5000000e+02  -3.0000000e+01   4.0000000e+00   3.7488599e+00   1.7279430e+01   3.7632121e+00   1.6826327e+01
   2.0000000e+02   2.5000000e+02  -3.0000000e+01   4.0000000e+00   3.7441644e+00   1.7239750e+01   3.7606227e+00   1.6920854e+01
   2.5000000e+02   2.5000000e+02  -3.0000000e+01   4.0000000e+00   3.7288742e+00   1.7203787e+01   3.7509380e+00   1.7063147e+01
