  -2.5000000e+02  -2.5000000e+02  -3.0000000e+01   1.0000000e+00   1.0488122e+02   1.9927187e+02   1.0426523e+02   1.9716501e+02
  -2.0000000e+02  -2.5000000e+02  -3.0000000e+01   1.0000000e+00   1.0483417e+02   1.9922555e+02   1.0405544e+02   1.9614990e+02
  -1.5000000e+02  -2.5000000e+02  -3.0000000e+01   1.0000000e+00   1.0477288e+02   1.9910247e+02   1.0408482e+02   1.9551262e+02
  -1.0000000e+02  -2.5000000e+02  -3.0000000e+01   1.0000000e+00   1.0471421e+02   1.9888778e+02   1.0426344e+02   1.9476023e+02
  -5.0000000e+01  -2.5000000e+02  -3.0000000e+01   1.0000000e+00   1.0466179e+02   1.9865615e+02   1.0441688e+02   1.9393963e+02
   0.0000000e+00  -2.5000000e+02  -3.0000000e+01   1.0000000e+00   1.0463521e+02   1.9855383e+02   1.0446825e+02   1.9356568e+02
   5.0000000e+01  -2.5000000e+02  -3.0000000e+01   1.0000000e+00   1.0466179e+02   1.9865615e+02   1.0441688e+02   1.9393963e+02
   1.0000000e+02  -2.5000000e+02  -3.0000000e+01   1.0000000e+00   1.0471421e+02   1.9888778e+02   1.0426344e+02   1.9476023e+02
   1.5000000e+02  -2.5000000e+02  -3.0000000e+01   1.0000000e+00   1.0477288e+02   1.9910247e+02   1.0408482e+02   1.9551262e+02
   2.0000000e+02  -2.5000000e+02  -3.0000000e+01   1.0000000e+00   1.0483417e+02   1.9922555e+02   1.0405544e+02   1.9614990e+02
   2.5000000e+02  -2.5000000e+02  -3.0000000e+01   1.0000000e+00   1.0488122e+02   1.9927187e+02   1.0426523e+02   1.9716501e+02
  -2.5000000e+02  -2.0000000e+02  -3.0000000e+01   1.0000000e+00   1.0483418e+02   1.9922554e+02   1.0408547e+02   1.9598320e+02
  -2.0000000e+02  -2.0000000e+02  -3.0000000e+01   1.0000000e+00   1.0477954e+02   1.9903586e+02   1.0408430e+02   1.9412628e+02
  -1.5000000e+02  -2.0000000e+02  -3.0000000e+01   1.0000000e+00   1.0485043e+02   1.9859436e+02   1.0471467e+02   1.9209657e+02
  -1.0000000e+02  -2.0000000e+02  -3.0000000e+01   1.0000000e+00   1.0516952e+02   1.9786104e+02   1.0590803e+02   1.8996378e+02
  -5.0000000e+01  -2.0000000e+02  -3.0000000e+01   1.0000000e+00   1.0555287e+02   1.9701956e+02   1.0704294e+02   1.8795544e+02
   0.0000000e+00  -2.0000000e+02  -3.0000000e+01   1.0000000e+00   1.0568792e+02   1.9662148e+02   1.0748745e+02   1.8703978e+02
   5.0000000e+01  -2.0000000e+02  -3.0000000e+01   1.0000000e+00   1.0555287e+02   1.9701956e+02   1.0704294e+02   1.8795544e+02
   1.0000000e+02  -2.0000000e+02  -3.0000000e+01   1.0000000e+00   1.0516952e+02   1.9786104e+02   1.0590803e+02   1.8996378e+02
   1.5000000e+02  -2.0000000e+02  -3.0000000e+01   1.0000000e+00   1.0485043e+02   1.9859436e+02   1.0471467e+02   1.9209657e+02
   2.0000000e+02  -2.0000000e+02  -3.0000000e+01   1.0000000e+00   1.0477954e+02   1.9903586e+02   1.0408430e+02   1.9412628e+02
   2.5000000e+02  -2.0000000e+02  -3.0000000e+01   1.0000000e+00   1.0483418e+02   1.9922554e+02   1.0408547e+02   1.9598320e+02
  -2.5000000e+02  -1.5000000e+02  -3.0000000e+01   1.0000000e+00   1.0477295e+02   1.9910245e+02   1.0420441e+02   1.9516102e+02
  -2.0000000e+02  -1.5000000e+02  -3.0000000e+01   1.0000000e+00   1.0485054e+02   1.9859448e+02   1.0482181e+02   1.9188085e+02
  -1.5000000e+02  -1.5000000e+02  -3.0000000e+01   1.0000000e+00   1.0560034e+02   1.9768725e+02   1.0717204e+02   1.8848249e+02
  -1.0000000e+02  -1.5000000e+02  -3.0000000e+01   1.0000000e+00   1.0729953e+02   1.9652396e+02   1.1129031e+02   1.8667650e+02
  -5.0000000e+01  -1.5000000e+02  -3.0000000e+01   1.0000000e+00   1.0940887e+02   1.9498943e+02   1.1533799e+02   1.8517343e+02
   0.0000000e+00  -1.5000000e+02  -3.0000000e+01   1.0000000e+00   1.1023202e+02   1.9410735e+02   1.1699790e+02   1.8406535e+02
   5.0000000e+01  -1.5000000e+02  -3.0000000e+01   1.0000000e+00   1.0940887e+02   1.9498943e+02   1.1533799e+02   1.8517343e+02
   1.0000000e+02  -1.5000000e+02  -3.0000000e+01   1.0000000e+00   1.0729953e+02   1.9652396e+02   1.1129031e+02   1.8667650e+02
   1.5000000e+02  -1.5000000e+02  -3.0000000e+01   1.0000000e+00   1.0560034e+02   1.9768725e+02   1.0717204e+02   1.8848249e+02
   2.0000000e+02  -1.5000000e+02  -3.0000000e+01   1.0000000e+00   1.0485054e+02   1.9859448e+02   1.0482181e+02   1.9188085e+02
   2.5000000e+02  -1.5000000e+02  -3.0000000e+01   1.0000000e+00   1.0477295e+02   1.9910245e+02   1.0420441e+02   1.9516102e+02
  -2.5000000e+02  -1.0000000e+02  -3.0000000e+01   1.0000000e+00   1.0471443e+02   1.9888771e+02   1.0446531e+02   1.9406171e+02
  -2.0000000e+02  -1.0000000e+02  -3.0000000e+01   1.0000000e+00   1.0516987e+02   1.9786157e+02   1.0609024e+02   1.8927176e+02
  -1.5000000e+02  -1.0000000e+02  -3.0000000e+01   1.0000000e+00   1.0729846e+02   1.9652473e+02   1.1128264e+02   1.8602850e+02
  -1.0000000e+02  -1.0000000e+02  -3.0000000e+01   1.0000000e+00   1.1020056e+02   1.9519708e+02   1.1987369e+02   1.8807313e+02
  -5.0000000e+01  -1.0000000e+02  -3.0000000e+01   1.0000000e+00   1.1429420e+02   1.9272346e+02   1.2842271e+02   1.8931159e+02
   0.0000000e+00  -1.0000000e+02  -3.0000000e+01   1.0000000e+00   1.1598796e+02   1.9115513e+02   1.3214171e+02   1.8784615e+02
   5.0000000e+01  -1.0000000e+02  -3.0000000e+01   1.0000000e+00   1.1429420e+02   1.9272346e+02   1.2842271e+02   1.8931159e+02
   1.0000000e+02  -1.0000000e+02  -3.0000000e+01   1.0000000e+00   1.1020056e+02   1.9519708e+02   1.1987369e+02   1.8807313e+02
   1.5000000e+02  -1.0000000e+02  -3.0000000e+01   1.0000000e+00   1.0729846e+02   1.9652473e+02   1.1128264e+02   1.8602850e+02
   2.0000000e+02  -1.0000000e+02  -3.0000000e+01   1.0000000e+00   1.0516987e+02   1.9786157e+02   1.0609024e+02   1.8927176e+02
   2.5000000e+02  -1.0000000e+02  -3.0000000e+01   1.0000000e+00   1.0471443e+02   1.9888771e+02   1.0446531e+02   1.9406171e+02
  -2.5000000e+02  -5.0000000e+01  -3.0000000e+01   1.0000000e+00   1.0466215e+02   1.9865602e+02   1.0464345e+02   1.9285029e+02
  -2.0000000e+02  -5.0000000e+01  -3.0000000e+01   1.0000000e+00   1.0555362e+02   1.9702031e+02   1.0719456e+02   1.8660924e+02
  -1.5000000e+02  -5.0000000e+01  -3.0000000e+01   1.0000000e+00   1.0940850e+02   1.9499003e+02   1.1516481e+02   1.8337890e+02
  -1.0000000e+02  -5.0000000e+01  -3.0000000e+01   1.0000000e+00   1.1430401e+02   1.9272145e+02   1.2835905e+02   1.8790338e+02
  -5.0000000e+01  -5.0000000e+01  -3.0000000e+01   1.0000000e+00   1.2155998e+02   1.8744311e+02   1.4201454e+02   1.8782371e+02
   0.0000000e+00  -5.0000000e+01  -3.0000000e+01   1.0000000e+00   1.2416156e+02   1.8435421e+02   1.4843377e+02   1.8228694e+02
   5.0000000e+01  -5.0000000e+01  -3.0000000e+01   1.0000000e+00   1.2155998e+02   1.8744311e+02   1.4201454e+02   1.8782371e+02
   1.0000000e+02  -5.0000000e+01  -3.0000000e+01   1.0000000e+00   1.1430401e+02   1.9272145e+02   1.2835905e+02   1.8790338e+02
   1.5000000e+02  -5.0000000e+01  -3.0000000e+01   1.0000000e+00   1.0940850e+02   1.9499003e+02   1.1516481e+02   1.8337890e+02
   2.0000000e+02  -5.0000000e+01  -3.0000000e+01   1.0000000e+00   1.0555362e+02   1.9702031e+02   1.0719456e+02   1.8660924e+02
   2.5000000e+02  -5.0000000e+01  -3.0000000e+01   1.0000000e+00   1.0466215e+02   1.9865602e+02   1.0464345e+02   1.9285029e+02
  -2.5000000e+02   0.0000000e+00  -3.0000000e+01   1.0000000e+00   1.0463563e+02   1.9855366e+02   1.0469022e+02   1.9230181e+02
  -2.0000000e+02   0.0000000e+00  -3.0000000e+01   1.0000000e+00   1.0568881e+02   1.9662222e+02   1.0759533e+02   1.8536447e+02
  -1.5000000e+02   0.0000000e+00  -3.0000000e+01   1.0000000e+00   1.1023213e+02   1.9410728e+02   1.1671600e+02   1.8166182e+02
  -1.0000000e+02   0.0000000e+00  -3.0000000e+01   1.0000000e+00   1.1600145e+02   1.9115012e+02   1.3205720e+02   1.8584469e+02
  -5.0000000e+01   0.0000000e+00  -3.0000000e+01   1.0000000e+00   1.2416555e+02   1.8435047e+02   1.4828193e+02   1.8223344e+02
   0.0000000e+00   0.0000000e+00  -3.0000000e+01   1.0000000e+00   1.2698479e+02   1.8046768e+02   1.5601380e+02   1.7246739e+02
   5.0000000e+01   0.0000000e+00  -3.0000000e+01   1.0000000e+00   1.2416555e+02   1.8435047e+02   1.4828193e+02   1.8223344e+02
   1.0000000e+02   0.0000000e+00  -3.0000000e+01   1.0000000e+00   1.1600145e+02   1.9115012e+02   1.3205720e+02   1.8584469e+02
   1.5000000e+02   0.0000000e+00  -3.0000000e+01   1.0000000e+00   1.1023213e+02   1.9410728e+02   1.1671600e+02   1.8166182e+02
   2.0000000e+02   0.0000000e+00  -3.0000000e+01   1.0000000e+00   1.0568881e+02   1.9662222e+02   1.0759533e+02   1.8536447e+02
   2.5000000e+02   0.0000000e+00  -3.0000000e+01   1.0000000e+00   1.0463563e+02   1.9855366e+02   1.0469022e+02   1.9230181e+02
  -2.5000000e+02   5.0000000e+01  -3.0000000e+01   1.0000000e+00   1.0466217e+02   1.9865607e+02   1.0463975e+02   1.9284294e+02
  -2.0000000e+02   5.0000000e+01  -3.0000000e+01   1.0000000e+00   1.0555358e+02   1.9702046e+02   1.0718529e+02   1.8657572e+02
  -1.5000000e+02   5.0000000e+01  -3.0000000e+01   1.0000000e+00   1.0940851e+02   1.9499028e+02   1.1515869e+02   1.8331602e+02
  -1.0000000e+02   5.0000000e+01  -3.0000000e+01   1.0000000e+00   1.1430454e+02   1.9272177e+02   1.2835423e+02   1.8781940e+02
  -5.0000000e+01   5.0000000e+01  -3.0000000e+01   1.0000000e+00   1.2156127e+02   1.8744331e+02   1.4205705e+02   1.8769542e+02
   0.0000000e+00   5.0000000e+01  -3.0000000e+01   1.0000000e+00   1.2416292e+02   1.8435439e+02   1.4858398e+02   1.8217818e+02
   5.0000000e+01   5.0000000e+01  -3.0000000e+01   1.0000000e+00   1.2156127e+02   1.8744331e+02   1.4205705e+02   1.8769542e+02
   1.0000000e+02   5.0000000e+01  -3.0000000e+01   1.0000000e+00   1.1430454e+02   1.9272177e+02   1.2835423e+02   1.8781940e+02
   1.5000000e+02   5.0000000e+01  -3.0000000e+01   1.0000000e+00   1.0940851e+02   1.9499028e+02   1.1515869e+02   1.8331602e+02
   2.0000000e+02   5.0000000e+01  -3.0000000e+01   1.0000000e+00   1.0555358e+02   1.9702046e+02   1.0718529e+02   1.8657572e+02
   2.5000000e+02   5.0000000e+01  -3.0000000e+01   1.0000000e+00   1.0466217e+02   1.9865607e+02   1.0463975e+02   1.9284294e+02
  -2.5000000e+02   1.0000000e+02  -3.0000000e+01   1.0000000e+00   1.0471444e+02   1.9888779e+02   1.0446258e+02   1.9405817e+02
  -2.0000000e+02   1.0000000e+02  -3.0000000e+01   1.0000000e+00   1.0516980e+02   1.9786176e+02   1.0608008e+02   1.8924058e+02
  -1.5000000e+02   1.0000000e+02  -3.0000000e+01   1.0000000e+00   1.0729851e+02   1.9652501e+02   1.1127743e+02   1.8597731e+02
  -1.0000000e+02   1.0000000e+02  -3.0000000e+01   1.0000000e+00   1.1020207e+02   1.9519766e+02   1.1988910e+02   1.8808180e+02
  -5.0000000e+01   1.0000000e+02  -3.0000000e+01   1.0000000e+00   1.1429790e+02   1.9272397e+02   1.2849399e+02   1.8940621e+02
   0.0000000e+00   1.0000000e+02  -3.0000000e+01   1.0000000e+00   1.1599190e+02   1.9115551e+02   1.3228141e+02   1.8799229e+02
   5.0000000e+01   1.0000000e+02  -3.0000000e+01   1.0000000e+00   1.1429790e+02   1.9272397e+02   1.2849399e+02   1.8940621e+02
   1.0000000e+02   1.0000000e+02  -3.0000000e+01   1.0000000e+00   1.1020207e+02   1.9519766e+02   1.1988910e+02   1.8808180e+02
   1.5000000e+02   1.0000000e+02  -3.0000000e+01   1.0000000e+00   1.0729851e+02   1.9652501e+02   1.1127743e+02   1.8597731e+02
   2.0000000e+02   1.0000000e+02  -3.0000000e+01   1.0000000e+00   1.0516980e+02   1.9786176e+02   1.0608008e+02   1.8924058e+02
   2.5000000e+02   1.0000000e+02  -3.0000000e+01   1.0000000e+00   1.0471444e+02   1.9888779e+02   1.0446258e+02   1.9405817e+02
  -2.5000000e+02   1.5000000e+02  -3.0000000e+01   1.0000000e+00   1.0477297e+02   1.9910250e+02   1.0420539e+02   1.9516637e+02
  -2.0000000e+02   1.5000000e+02  -3.0000000e+01   1.0000000e+00   1.0485053e+02   1.9859463e+02   1.0481670e+02   1.9187270e+02
  -1.5000000e+02   1.5000000e+02  -3.0000000e+01   1.0000000e+00   1.0560033e+02   1.9768749e+02   1.0716174e+02   1.8844932e+02
  -1.0000000e+02   1.5000000e+02  -3.0000000e+01   1.0000000e+00   1.0729997e+02   1.9652434e+02   1.1128459e+02   1.8664802e+02
  -5.0000000e+01   1.5000000e+02  -3.0000000e+01   1.0000000e+00   1.0941004e+02   1.9498982e+02   1.1535147e+02   1.8516985e+02
   0.0000000e+00   1.5000000e+02  -3.0000000e+01   1.0000000e+00   1.1023324e+02   1.9410771e+02   1.1703011e+02   1.8407605e+02
   5.0000000e+01   1.5000000e+02  -3.0000000e+01   1.0000000e+00   1.0941004e+02   1.9498982e+02   1.1535147e+02   1.8516985e+02
   1.0000000e+02   1.5000000e+02  -3.0000000e+01   1.0000000e+00   1.0729997e+02   1.9652434e+02   1.1128459e+02   1.8664802e+02
   1.5000000e+02   1.5000000e+02  -3.0000000e+01   1.0000000e+00   1.0560033e+02   1.9768749e+02   1.0716174e+02   1.8844932e+02
   2.0000000e+02   1.5000000e+02  -3.0000000e+01   1.0000000e+00   1.0485053e+02   1.9859463e+02   1.0481670e+02   1.9187270e+02
   2.5000000e+02   1.5000000e+02  -3.0000000e+01   1.0000000e+00   1.0477297e+02   1.9910250e+02   1.0420539e+02   1.9516637e+02
  -2.5000000e+02   2.0000000e+02  -3.0000000e+01   1.0000000e+00   1.0483421e+02   1.9922557e+02   1.0408545e+02   1.9598305e+02
  -2.0000000e+02   2.0000000e+02  -3.0000000e+01   1.0000000e+00   1.0477957e+02   1.9903594e+02   1.0408080e+02   1.9412040e+02
  -1.5000000e+02   2.0000000e+02  -3.0000000e+01   1.0000000e+00   1.0485047e+02   1.9859452e+02   1.0470308e+02   1.9207257e+02
  -1.0000000e+02   2.0000000e+02  -3.0000000e+01   1.0000000e+00   1.0516964e+02   1.9786131e+02   1.0588437e+02   1.8990334e+02
  -5.0000000e+01   2.0000000e+02  -3.0000000e+01   1.0000000e+00   1.0555311e+02   1.9701991e+02   1.0700943e+02   1.8785204e+02
   0.0000000e+00   2.0000000e+02  -3.0000000e+01   1.0000000e+00   1.0568818e+02   1.9662187e+02   1.0745076e+02   1.8691610e+02
   5.0000000e+01   2.0000000e+02  -3.0000000e+01   1.0000000e+00   1.0555311e+02   1.9701991e+02   1.0700943e+02   1.8785204e+02
   1.0000000e+02   2.0000000e+02  -3.0000000e+01   1.0000000e+00   1.0516964e+02   1.9786131e+02   1.0588437e+02   1.8990334e+02
   1.5000000e+02   2.0000000e+02  -3.0000000e+01   1.0000000e+00   1.0485047e+02   1.9859452e+02   1.0470308e+02   1.9207257e+02
   2.0000000e+02   2.0000000e+02  -3.0000000e+01   1.0000000e+00   1.0477957e+02   1.9903594e+02   1.0408080e+02   1.9412040e+02
   2.5000000e+02   2.0000000e+02  -3.0000000e+01   1.0000000e+00   1.0483421e+02   1.9922557e+02   1.0408545e+02   1.9598305e+02
  -2.5000000e+02   2.5000000e+02  -3.0000000e+01   1.0000000e+00   1.0488123e+02   1.9927188e+02   1.0425805e+02   1.9713192e+02
  -2.0000000e+02   2.5000000e+02  -3.0000000e+01   1.0000000e+00   1.0483420e+02   1.9922558e+02   1.0404592e+02   1.9611123e+02
  -1.5000000e+02   2.5000000e+02  -3.0000000e+01   1.0000000e+00   1.0477293e+02   1.9910254e+02   1.0407231e+02   1.9547191e+02
  -1.0000000e+02   2.5000000e+02  -3.0000000e+01   1.0000000e+00   1.0471430e+02   1.9888787e+02   1.0424482e+02   1.9471381e+02
  -5.0000000e+01   2.5000000e+02  -3.0000000e+01   1.0000000e+00   1.0466191e+02   1.9865628e+02   1.0439091e+02   1.9388304e+02
   0.0000000e+00   2.5000000e+02  -3.0000000e+01   1.0000000e+00   1.0463534e+02   1.9855396e+02   1.0443889e+02   1.9350352e+02
   5.0000000e+01   2.5000000e+02  -3.0000000e+01   1.0000000e+00   1.0466191e+02   1.9865628e+02   1.0439091e+02   1.9388304e+02
   1.0000000e+02   2.5000000e+02  -3.0000000e+01   1.0000000e+00   1.0471430e+02   1.9888787e+02   1.0424482e+02   1.9471381e+02
   1.5000000e+02   2.5000000e+02  -3.0000000e+01   1.0000000e+00   1.0477293e+02   1.9910254e+02   1.0407231e+02   1.9547191e+02
   2.0000000e+02   2.5000000e+02  -3.0000000e+01   1.0000000e+00   1.0483420e+02   1.9922558e+02   1.0404592e+02   1.9611123e+02
   2.5000000e+02   2.5000000e+02  -3.0000000e+01   1.0000000e+00   1.0488123e+02   1.9927188e+02   1.0425805e+02   1.9713192e+02
  -2.5000000e+02  -2.5000000e+02  -3.0000000e+01   2.0000000e+00   2.0986636e+01   8.6771713e+01   2.1312736e+01   8.6492245e+01
  -2.0000000e+02  -2.5000000e+02  -3.0000000e+01   2.0000000e+00   2.1229188e+01   8.6867393e+01   2.1648358e+01   8.6541616e+01
  -1.5000000e+02  -2.5000000e+02  -3.0000000e+01   2.0000000e+00   2.1563358e+01   8.7060179e+01   2.2046852e+01   8.6841621e+01
  -1.0000000e+02  -2.5000000e+02  -3.0000000e+01   2.0000000e+00   2.1966363e+01   8.7351726e+01   2.2445388e+01   8.7190761e+01
  -5.0000000e+01  -2.5000000e+02  -3.0000000e+01   2.0000000e+00   2.2331795e+01   8.7647429e+01   2.2748144e+01   8.7431785e+01
   0.0000000e+00  -2.5000000e+02  -3.0000000e+01   2.0000000e+00   2.2484458e+01   8.7775547e+01   2.2862200e+01   8.7513053e+01
   5.0000000e+01  -2.5000000e+02  -3.0000000e+01   2.0000000e+00   2.2331795e+01   8.7647429e+01   2.2748144e+01   8.7431785e+01
   1.0000000e+02  -2.5000000e+02  -3.0000000e+01   2.0000000e+00   2.1966363e+01   8.7351726e+01   2.2445388e+01   8.7190761e+01
   1.5000000e+02  -2.5000000e+02  -3.0000000e+01   2.0000000e+00   2.1563358e+01   8.7060179e+01   2.2046852e+01   8.6841621e+01
   2.0000000e+02  -2.5000000e+02  -3.0000000e+01   2.0000000e+00   2.1229188e+01   8.6867393e+01   2.1648358e+01   8.6541616e+01
   2.5000000e+02  -2.5000000e+02  -3.0000000e+01   2.0000000e+00   2.0986636e+01   8.6771713e+01   2.1312736e+01   8.6492245e+01
  -2.5000000e+02  -2.0000000e+02  -3.0000000e+01   2.0000000e+00   2.1228303e+01   8.6866932e+01   2.1659670e+01   8.6537702e+01
  -2.0000000e+02  -2.0000000e+02  -3.0000000e+01   2.0000000e+00   2.1644546e+01   8.7128902e+01   2.2206618e+01   8.6755352e+01
  -1.5000000e+02  -2.0000000e+02  -3.0000000e+01   2.0000000e+00   2.2232790e+01   8.7643009e+01   2.2887225e+01   8.7311764e+01
  -1.0000000e+02  -2.0000000e+02  -3.0000000e+01   2.0000000e+00   2.2995590e+01   8.8463910e+01   2.3603969e+01   8.8082851e+01
  -5.0000000e+01  -2.0000000e+02  -3.0000000e+01   2.0000000e+00   2.3765818e+01   8.9366327e+01   2.4175364e+01   8.8717941e+01
   0.0000000e+00  -2.0000000e+02  -3.0000000e+01   2.0000000e+00   2.4109701e+01   8.9770607e+01   2.4397087e+01   8.8948161e+01
   5.0000000e+01  -2.0000000e+02  -3.0000000e+01   2.0000000e+00   2.3765818e+01   8.9366327e+01   2.4175364e+01   8.8717941e+01
   1.0000000e+02  -2.0000000e+02  -3.0000000e+01   2.0000000e+00   2.2995590e+01   8.8463910e+01   2.3603969e+01   8.8082851e+01
   1.5000000e+02  -2.0000000e+02  -3.0000000e+01   2.0000000e+00   2.2232790e+01   8.7643009e+01   2.2887225e+01   8.7311764e+01
   2.0000000e+02  -2.0000000e+02  -3.0000000e+01   2.0000000e+00   2.1644546e+01   8.7128902e+01   2.2206618e+01   8.6755352e+01
   2.5000000e+02  -2.0000000e+02  -3.0000000e+01   2.0000000e+00   2.1228303e+01   8.6866932e+01   2.1659670e+01   8.6537702e+01
  -2.5000000e+02  -1.5000000e+02  -3.0000000e+01   2.0000000e+00   2.1560419e+01   8.7058039e+01   2.2072634e+01   8.6847010e+01
  -2.0000000e+02  -1.5000000e+02  -3.0000000e+01   2.0000000e+00   2.2230592e+01   8.7640457e+01   2.2899713e+01   8.7316539e+01
  -1.5000000e+02  -1.5000000e+02  -3.0000000e+01   2.0000000e+00   2.3147109e+01   8.8731296e+01   2.3980793e+01   8.8562394e+01
  -1.0000000e+02  -1.5000000e+02  -3.0000000e+01   2.0000000e+00   2.4350589e+01   9.0443960e+01   2.5175761e+01   9.0784995e+01
  -5.0000000e+01  -1.5000000e+02  -3.0000000e+01   2.0000000e+00   2.5781852e+01   9.2583049e+01   2.6176576e+01   9.2856154e+01
   0.0000000e+00  -1.5000000e+02  -3.0000000e+01   2.0000000e+00   2.6494829e+01   9.3599750e+01   2.6580243e+01   9.3609769e+01
   5.0000000e+01  -1.5000000e+02  -3.0000000e+01   2.0000000e+00   2.5781852e+01   9.2583049e+01   2.6176576e+01   9.2856154e+01
   1.0000000e+02  -1.5000000e+02  -3.0000000e+01   2.0000000e+00   2.4350589e+01   9.0443960e+01   2.5175761e+01   9.0784995e+01
   1.5000000e+02  -1.5000000e+02  -3.0000000e+01   2.0000000e+00   2.3147109e+01   8.8731296e+01   2.3980793e+01   8.8562394e+01
   2.0000000e+02  -1.5000000e+02  -3.0000000e+01   2.0000000e+00   2.2230592e+01   8.7640457e+01   2.2899713e+01   8.7316539e+01
   2.5000000e+02  -1.5000000e+02  -3.0000000e+01   2.0000000e+00   2.1560419e+01   8.7058039e+01   2.2072634e+01   8.6847010e+01
  -2.5000000e+02  -1.0000000e+02  -3.0000000e+01   2.0000000e+00   2.1959164e+01   8.7345382e+01   2.2485461e+01   8.7168585e+01
  -2.0000000e+02  -1.0000000e+02  -3.0000000e+01   2.0000000e+00   2.2988001e+01   8.8453186e+01   2.3626559e+01   8.8024812e+01
  -1.5000000e+02  -1.0000000e+02  -3.0000000e+01   2.0000000e+00   2.4348179e+01   9.0438810e+01   2.5180307e+01   9.0655352e+01
  -1.0000000e+02  -1.0000000e+02  -3.0000000e+01   2.0000000e+00   2.6082710e+01   9.3041762e+01   2.6925663e+01   9.5598587e+01
  -5.0000000e+01  -1.0000000e+02  -3.0000000e+01   2.0000000e+00   2.8866886e+01   9.7200228e+01   2.8421065e+01   1.0013395e+02
   0.0000000e+00  -1.0000000e+02  -3.0000000e+01   2.0000000e+00   3.0478969e+01   9.9400657e+01   2.9051790e+01   1.0167528e+02
   5.0000000e+01  -1.0000000e+02  -3.0000000e+01   2.0000000e+00   2.8866886e+01   9.7200228e+01   2.8421065e+01   1.0013395e+02
   1.0000000e+02  -1.0000000e+02  -3.0000000e+01   2.0000000e+00   2.6082710e+01   9.3041762e+01   2.6925663e+01   9.5598587e+01
   1.5000000e+02  -1.0000000e+02  -3.0000000e+01   2.0000000e+00   2.4348179e+01   9.0438810e+01   2.5180307e+01   9.0655352e+01
   2.0000000e+02  -1.0000000e+02  -3.0000000e+01   2.0000000e+00   2.2988001e+01   8.8453186e+01   2.3626559e+01   8.8024812e+01
   2.5000000e+02  -1.0000000e+02  -3.0000000e+01   2.0000000e+00   2.1959164e+01   8.7345382e+01   2.2485461e+01   8.7168585e+01
  -2.5000000e+02  -5.0000000e+01  -3.0000000e+01   2.0000000e+00   2.2317690e+01   8.7634087e+01   2.2798137e+01   8.7356819e+01
  -2.0000000e+02  -5.0000000e+01  -3.0000000e+01   2.0000000e+00   2.3745958e+01   8.9337531e+01   2.4205164e+01   8.8538634e+01
  -1.5000000e+02  -5.0000000e+01  -3.0000000e+01   2.0000000e+00   2.5764312e+01   9.2550871e+01   2.6191078e+01   9.2475955e+01
  -1.0000000e+02  -5.0000000e+01  -3.0000000e+01   2.0000000e+00   2.8842387e+01   9.7169373e+01   2.8472314e+01   9.9920090e+01
  -5.0000000e+01  -5.0000000e+01  -3.0000000e+01   2.0000000e+00   3.5129344e+01   1.0599214e+02   3.0499636e+01   1.0639508e+02
   0.0000000e+00  -5.0000000e+01  -3.0000000e+01   2.0000000e+00   3.8968094e+01   1.1067515e+02   3.1421991e+01   1.0828279e+02
   5.0000000e+01  -5.0000000e+01  -3.0000000e+01   2.0000000e+00   3.5129344e+01   1.0599214e+02   3.0499636e+01   1.0639508e+02
   1.0000000e+02  -5.0000000e+01  -3.0000000e+01   2.0000000e+00   2.8842387e+01   9.7169373e+01   2.8472314e+01   9.9920090e+01
   1.5000000e+02  -5.0000000e+01  -3.0000000e+01   2.0000000e+00   2.5764312e+01   9.2550871e+01   2.6191078e+01   9.2475955e+01
   2.0000000e+02  -5.0000000e+01  -3.0000000e+01   2.0000000e+00   2.3745958e+01   8.9337531e+01   2.4205164e+01   8.8538634e+01
   2.5000000e+02  -5.0000000e+01  -3.0000000e+01   2.0000000e+00   2.2317690e+01   8.7634087e+01   2.2798137e+01   8.7356819e+01
  -2.5000000e+02   0.0000000e+00  -3.0000000e+01   2.0000000e+00   2.2463384e+01   8.7755710e+01   2.2913259e+01   8.7410163e+01
  -2.0000000e+02   0.0000000e+00  -3.0000000e+01   2.0000000e+00   2.4074716e+01   8.9722420e+01   2.4425675e+01   8.8702003e+01
  -1.5000000e+02   0.0000000e+00  -3.0000000e+01   2.0000000e+00   2.6447969e+01   9.3523888e+01   2.6597359e+01   9.3101952e+01
  -1.0000000e+02   0.0000000e+00  -3.0000000e+01   2.0000000e+00   3.0386263e+01   9.9277720e+01   2.9146583e+01   1.0144116e+02
  -5.0000000e+01   0.0000000e+00  -3.0000000e+01   2.0000000e+00   3.8821809e+01   1.1049339e+02   3.1496544e+01   1.0845435e+02
   0.0000000e+00   0.0000000e+00  -3.0000000e+01   2.0000000e+00   4.4045720e+01   1.1650717e+02   3.2615155e+01   1.1021416e+02
   5.0000000e+01   0.0000000e+00  -3.0000000e+01   2.0000000e+00   3.8821809e+01   1.1049339e+02   3.1496544e+01   1.0845435e+02
   1.0000000e+02   0.0000000e+00  -3.0000000e+01   2.0000000e+00   3.0386263e+01   9.9277720e+01   2.9146583e+01   1.0144116e+02
   1.5000000e+02   0.0000000e+00  -3.0000000e+01   2.0000000e+00   2.6447969e+01   9.3523888e+01   2.6597359e+01   9.3101952e+01
   2.0000000e+02   0.0000000e+00  -3.0000000e+01   2.0000000e+00   2.4074716e+01   8.9722420e+01   2.4425675e+01   8.8702003e+01
   2.5000000e+02   0.0000000e+00  -3.0000000e+01   2.0000000e+00   2.2463384e+01   8.7755710e+01   2.2913259e+01   8.7410163e+01
  -2.5000000e+02   5.0000000e+01  -3.0000000e+01   2.0000000e+00   2.2307995e+01   8.7626056e+01   2.2789936e+01   8.7350217e+01
  -2.0000000e+02   5.0000000e+01  -3.0000000e+01   2.0000000e+00   2.3724480e+01   8.9312284e+01   2.4190101e+01   8.8517186e+01
  -1.5000000e+02   5.0000000e+01  -3.0000000e+01   2.0000000e+00   2.5720925e+01   9.2487592e+01   2.6165425e+01   9.2416375e+01
  -1.0000000e+02   5.0000000e+01  -3.0000000e+01   2.0000000e+00   2.8747418e+01   9.7032742e+01   2.8433905e+01   9.9793296e+01
  -5.0000000e+01   5.0000000e+01  -3.0000000e+01   2.0000000e+00   3.4903948e+01   1.0569636e+02   3.0459154e+01   1.0624182e+02
   0.0000000e+00   5.0000000e+01  -3.0000000e+01   2.0000000e+00   3.8659485e+01   1.1029363e+02   3.1389294e+01   1.0817289e+02
   5.0000000e+01   5.0000000e+01  -3.0000000e+01   2.0000000e+00   3.4903948e+01   1.0569636e+02   3.0459154e+01   1.0624182e+02
   1.0000000e+02   5.0000000e+01  -3.0000000e+01   2.0000000e+00   2.8747418e+01   9.7032742e+01   2.8433905e+01   9.9793296e+01
   1.5000000e+02   5.0000000e+01  -3.0000000e+01   2.0000000e+00   2.5720925e+01   9.2487592e+01   2.6165425e+01   9.2416375e+01
   2.0000000e+02   5.0000000e+01  -3.0000000e+01   2.0000000e+00   2.3724480e+01   8.9312284e+01   2.4190101e+01   8.8517186e+01
   2.5000000e+02   5.0000000e+01  -3.0000000e+01   2.0000000e+00   2.2307995e+01   8.7626056e+01   2.2789936e+01   8.7350217e+01
  -2.5000000e+02   1.0000000e+02  -3.0000000e+01   2.0000000e+00   2.1945310e+01   8.7334667e+01   2.2471698e+01   8.7157370e+01
  -2.0000000e+02   1.0000000e+02  -3.0000000e+01   2.0000000e+00   2.2960252e+01   8.8421573e+01   2.3601935e+01   8.7990418e+01
  -1.5000000e+02   1.0000000e+02  -3.0000000e+01   2.0000000e+00   2.4301215e+01   9.0369043e+01   2.5140000e+01   9.0561213e+01
  -1.0000000e+02   1.0000000e+02  -3.0000000e+01   2.0000000e+00   2.6007117e+01   9.2929843e+01   2.6868473e+01   9.5414166e+01
  -5.0000000e+01   1.0000000e+02  -3.0000000e+01   2.0000000e+00   2.8713200e+01   9.6979983e+01   2.8357923e+01   9.9898669e+01
   0.0000000e+00   1.0000000e+02  -3.0000000e+01   2.0000000e+00   3.0273994e+01   9.9118742e+01   2.8993007e+01   1.0145852e+02
   5.0000000e+01   1.0000000e+02  -3.0000000e+01   2.0000000e+00   2.8713200e+01   9.6979983e+01   2.8357923e+01   9.9898669e+01
   1.0000000e+02   1.0000000e+02  -3.0000000e+01   2.0000000e+00   2.6007117e+01   9.2929843e+01   2.6868473e+01   9.5414166e+01
   1.5000000e+02   1.0000000e+02  -3.0000000e+01   2.0000000e+00   2.4301215e+01   9.0369043e+01   2.5140000e+01   9.0561213e+01
   2.0000000e+02   1.0000000e+02  -3.0000000e+01   2.0000000e+00   2.2960252e+01   8.8421573e+01   2.3601935e+01   8.7990418e+01
   2.5000000e+02   1.0000000e+02  -3.0000000e+01   2.0000000e+00   2.1945310e+01   8.7334667e+01   2.2471698e+01   8.7157370e+01
  -2.5000000e+02   1.5000000e+02  -3.0000000e+01   2.0000000e+00   2.1547674e+01   8.7049732e+01   2.2057117e+01   8.6835739e+01
  -2.0000000e+02   1.5000000e+02  -3.0000000e+01   2.0000000e+00   2.2207568e+01   8.7617945e+01   2.2872887e+01   8.7287398e+01
  -1.5000000e+02   1.5000000e+02  -3.0000000e+01   2.0000000e+00   2.3111874e+01   8.8684813e+01   2.3937821e+01   8.8484996e+01
  -1.0000000e+02   1.5000000e+02  -3.0000000e+01   2.0000000e+00   2.4301195e+01   9.0366915e+01   2.5114335e+01   9.0628991e+01
  -5.0000000e+01   1.5000000e+02  -3.0000000e+01   2.0000000e+00   2.5705579e+01   9.2456215e+01   2.6101067e+01   9.2635689e+01
   0.0000000e+00   1.5000000e+02  -3.0000000e+01   2.0000000e+00   2.6401704e+01   9.3445977e+01   2.6500460e+01   9.3373072e+01
   5.0000000e+01   1.5000000e+02  -3.0000000e+01   2.0000000e+00   2.5705579e+01   9.2456215e+01   2.6101067e+01   9.2635689e+01
   1.0000000e+02   1.5000000e+02  -3.0000000e+01   2.0000000e+00   2.4301195e+01   9.0366915e+01   2.5114335e+01   9.0628991e+01
   1.5000000e+02   1.5000000e+02  -3.0000000e+01   2.0000000e+00   2.3111874e+01   8.8684813e+01   2.3937821e+01   8.8484996e+01
   2.0000000e+02   1.5000000e+02  -3.0000000e+01   2.0000000e+00   2.2207568e+01   8.7617945e+01   2.2872887e+01   8.7287398e+01
   2.5000000e+02   1.5000000e+02  -3.0000000e+01   2.0000000e+00   2.1547674e+01   8.7049732e+01   2.2057117e+01   8.6835739e+01
  -2.5000000e+02   2.0000000e+02  -3.0000000e+01   2.0000000e+00   2.1218583e+01   8.6862262e+01   2.1645476e+01   8.6530614e+01
  -2.0000000e+02   2.0000000e+02  -3.0000000e+01   2.0000000e+00   2.1627705e+01   8.7116403e+01   2.2183043e+01   8.6739053e+01
  -1.5000000e+02   2.0000000e+02  -3.0000000e+01   2.0000000e+00   2.2205870e+01   8.7615531e+01   2.2850727e+01   8.7275904e+01
  -1.0000000e+02   2.0000000e+02  -3.0000000e+01   2.0000000e+00   2.2954161e+01   8.8411232e+01   2.3552568e+01   8.8010326e+01
  -5.0000000e+01   2.0000000e+02  -3.0000000e+01   2.0000000e+00   2.3706525e+01   8.9283032e+01   2.4111541e+01   8.8608397e+01
   0.0000000e+00   2.0000000e+02  -3.0000000e+01   2.0000000e+00   2.4041507e+01   8.9673060e+01   2.4328461e+01   8.8823961e+01
   5.0000000e+01   2.0000000e+02  -3.0000000e+01   2.0000000e+00   2.3706525e+01   8.9283032e+01   2.4111541e+01   8.8608397e+01
   1.0000000e+02   2.0000000e+02  -3.0000000e+01   2.0000000e+00   2.2954161e+01   8.8411232e+01   2.3552568e+01   8.8010326e+01
   1.5000000e+02   2.0000000e+02  -3.0000000e+01   2.0000000e+00   2.2205870e+01   8.7615531e+01   2.2850727e+01   8.7275904e+01
   2.0000000e+02   2.0000000e+02  -3.0000000e+01   2.0000000e+00   2.1627705e+01   8.7116403e+01   2.2183043e+01   8.6739053e+01
   2.5000000e+02   2.0000000e+02  -3.0000000e+01   2.0000000e+00   2.1218583e+01   8.6862262e+01   2.1645476e+01   8.6530614e+01
  -2.5000000e+02   2.5000000e+02  -3.0000000e+01   2.0000000e+00   2.0979908e+01   8.6769778e+01   2.1301314e+01   8.6487796e+01
  -2.0000000e+02   2.5000000e+02  -3.0000000e+01   2.0000000e+00   2.1217740e+01   8.6861742e+01   2.1630555e+01   8.6533211e+01
  -1.5000000e+02   2.5000000e+02  -3.0000000e+01   2.0000000e+00   2.1544934e+01   8.7047412e+01   2.2020722e+01   8.6826548e+01
  -1.0000000e+02   2.5000000e+02  -3.0000000e+01   2.0000000e+00   2.1938507e+01   8.7327837e+01   2.2410248e+01   8.7166524e+01
  -5.0000000e+01   2.5000000e+02  -3.0000000e+01   2.0000000e+00   2.2294323e+01   8.7611700e+01   2.2705727e+01   8.7398509e+01
   0.0000000e+00   2.5000000e+02  -3.0000000e+01   2.0000000e+00   2.2442699e+01   8.7734571e+01   2.2816962e+01   8.7475912e+01
   5.0000000e+01   2.5000000e+02  -3.0000000e+01   2.0000000e+00   2.2294323e+01   8.7611700e+01   2.2705727e+01   8.7398509e+01
   1.0000000e+02   2.5000000e+02  -3.0000000e+01   2.0000000e+00   2.1938507e+01   8.7327837e+01   2.2410248e+01   8.7166524e+01
   1.5000000e+02   2.5000000e+02  -3.0000000e+01   2.0000000e+00   2.1544934e+01   8.7047412e+01   2.2020722e+01   8.6826548e+01
   2.0000000e+02   2.5000000e+02  -3.0000000e+01   2.0000000e+00   2.1217740e+01   8.6861742e+01   2.1630555e+01   8.6533211e+01
   2.5000000e+02   2.5000000e+02  -3.0000000e+01   2.0000000e+00   2.0979908e+01   8.6769778e+01   2.1301314e+01   8.6487796e+01
  -2.5000000e+02  -2.5000000e+02  -3.0000000e+01   3.0000000e+00   1.3818802e+00   1.3437688e+01   1.3965537e+00   1.3446312e+01
  -2.0000000e+02  -2.5000000e+02  -3.0000000e+01   3.0000000e+00   1.3918548e+00   1.3486113e+01   1.4082195e+00   1.3493512e+01
  -1.5000000e+02  -2.5000000e+02  -3.0000000e+01   3.0000000e+00   1.4036443e+00   1.3553168e+01   1.4204977e+00   1.3573433e+01
  -1.0000000e+02  -2.5000000e+02  -3.0000000e+01   3.0000000e+00   1.4164469e+00   1.3635559e+01   1.4317993e+00   1.3655348e+01
  -5.0000000e+01  -2.5000000e+02  -3.0000000e+01   3.0000000e+00   1.4273793e+00   1.3711196e+01   1.4399632e+00   1.3712720e+01
   0.0000000e+00  -2.5000000e+02  -3.0000000e+01   3.0000000e+00   1.4318330e+00   1.3742858e+01   1.4429679e+00   1.3732834e+01
   5.0000000e+01  -2.5000000e+02  -3.0000000e+01   3.0000000e+00   1.4273793e+00   1.3711196e+01   1.4399632e+00   1.3712720e+01
   1.0000000e+02  -2.5000000e+02  -3.0000000e+01   3.0000000e+00   1.4164469e+00   1.3635559e+01   1.4317993e+00   1.3655348e+01
   1.5000000e+02  -2.5000000e+02  -3.0000000e+01   3.0000000e+00   1.4036443e+00   1.3553168e+01   1.4204977e+00   1.3573433e+01
   2.0000000e+02  -2.5000000e+02  -3.0000000e+01   3.0000000e+00   1.3918548e+00   1.3486113e+01   1.4082195e+00   1.3493512e+01
   2.5000000e+02  -2.5000000e+02  -3.0000000e+01   3.0000000e+00   1.3818802e+00   1.3437688e+01   1.3965537e+00   1.3446312e+01
  -2.5000000e+02  -2.0000000e+02  -3.0000000e+01   3.0000000e+00   1.3918200e+00   1.3485931e+01   1.4083097e+00   1.3493291e+01
  -2.0000000e+02  -2.0000000e+02  -3.0000000e+01   3.0000000e+00   1.4061255e+00   1.3570726e+01   1.4246385e+00   1.3576610e+01
  -1.5000000e+02  -2.0000000e+02  -3.0000000e+01   3.0000000e+00   1.4237345e+00   1.3697352e+01   1.4427119e+00   1.3705758e+01
  -1.0000000e+02  -2.0000000e+02  -3.0000000e+01   3.0000000e+00   1.4446190e+00   1.3871314e+01   1.4602517e+00   1.3857500e+01
  -5.0000000e+01  -2.0000000e+02  -3.0000000e+01   3.0000000e+00   1.4647581e+00   1.4051201e+01   1.4735587e+00   1.3977532e+01
   0.0000000e+00  -2.0000000e+02  -3.0000000e+01   3.0000000e+00   1.4736120e+00   1.4131012e+01   1.4786080e+00   1.4021496e+01
   5.0000000e+01  -2.0000000e+02  -3.0000000e+01   3.0000000e+00   1.4647581e+00   1.4051201e+01   1.4735587e+00   1.3977532e+01
   1.0000000e+02  -2.0000000e+02  -3.0000000e+01   3.0000000e+00   1.4446190e+00   1.3871314e+01   1.4602517e+00   1.3857500e+01
   1.5000000e+02  -2.0000000e+02  -3.0000000e+01   3.0000000e+00   1.4237345e+00   1.3697352e+01   1.4427119e+00   1.3705758e+01
   2.0000000e+02  -2.0000000e+02  -3.0000000e+01   3.0000000e+00   1.4061255e+00   1.3570726e+01   1.4246385e+00   1.3576610e+01
   2.5000000e+02  -2.0000000e+02  -3.0000000e+01   3.0000000e+00   1.3918200e+00   1.3485931e+01   1.4083097e+00   1.3493291e+01
  -2.5000000e+02  -1.5000000e+02  -3.0000000e+01   3.0000000e+00   1.4035445e+00   1.3552547e+01   1.4206407e+00   1.3574348e+01
  -2.0000000e+02  -1.5000000e+02  -3.0000000e+01   3.0000000e+00   1.4236708e+00   1.3696817e+01   1.4426546e+00   1.3705949e+01
  -1.5000000e+02  -1.5000000e+02  -3.0000000e+01   3.0000000e+00   1.4481700e+00   1.3916403e+01   1.4682635e+00   1.3940763e+01
  -1.0000000e+02  -1.5000000e+02  -3.0000000e+01   3.0000000e+00   1.4783395e+00   1.4229027e+01   1.4943005e+00   1.4293311e+01
  -5.0000000e+01  -1.5000000e+02  -3.0000000e+01   3.0000000e+00   1.5129625e+00   1.4606709e+01   1.5149837e+00   1.4608353e+01
   0.0000000e+00  -1.5000000e+02  -3.0000000e+01   3.0000000e+00   1.5300677e+00   1.4788345e+01   1.5231234e+00   1.4724053e+01
   5.0000000e+01  -1.5000000e+02  -3.0000000e+01   3.0000000e+00   1.5129625e+00   1.4606709e+01   1.5149837e+00   1.4608353e+01
   1.0000000e+02  -1.5000000e+02  -3.0000000e+01   3.0000000e+00   1.4783395e+00   1.4229027e+01   1.4943005e+00   1.4293311e+01
   1.5000000e+02  -1.5000000e+02  -3.0000000e+01   3.0000000e+00   1.4481700e+00   1.3916403e+01   1.4682635e+00   1.3940763e+01
   2.0000000e+02  -1.5000000e+02  -3.0000000e+01   3.0000000e+00   1.4236708e+00   1.3696817e+01   1.4426546e+00   1.3705949e+01
   2.5000000e+02  -1.5000000e+02  -3.0000000e+01   3.0000000e+00   1.4035445e+00   1.3552547e+01   1.4206407e+00   1.3574348e+01
  -2.5000000e+02  -1.0000000e+02  -3.0000000e+01   3.0000000e+00   1.4162252e+00   1.3633994e+01   1.4319447e+00   1.3652595e+01
  -2.0000000e+02  -1.0000000e+02  -3.0000000e+01   3.0000000e+00   1.4444164e+00   1.3869314e+01   1.4599606e+00   1.3848889e+01
  -1.5000000e+02  -1.0000000e+02  -3.0000000e+01   3.0000000e+00   1.4782707e+00   1.4228147e+01   1.4937913e+00   1.4275409e+01
  -1.0000000e+02  -1.0000000e+02  -3.0000000e+01   3.0000000e+00   1.5196372e+00   1.4689503e+01   1.5282924e+00   1.4983157e+01
  -5.0000000e+01  -1.0000000e+02  -3.0000000e+01   3.0000000e+00   1.5825757e+00   1.5414154e+01   1.5556263e+00   1.5614589e+01
   0.0000000e+00  -1.0000000e+02  -3.0000000e+01   3.0000000e+00   1.6189253e+00   1.5809677e+01   1.5666810e+00   1.5831702e+01
   5.0000000e+01  -1.0000000e+02  -3.0000000e+01   3.0000000e+00   1.5825757e+00   1.5414154e+01   1.5556263e+00   1.5614589e+01
   1.0000000e+02  -1.0000000e+02  -3.0000000e+01   3.0000000e+00   1.5196372e+00   1.4689503e+01   1.5282924e+00   1.4983157e+01
   1.5000000e+02  -1.0000000e+02  -3.0000000e+01   3.0000000e+00   1.4782707e+00   1.4228147e+01   1.4937913e+00   1.4275409e+01
   2.0000000e+02  -1.0000000e+02  -3.0000000e+01   3.0000000e+00   1.4444164e+00   1.3869314e+01   1.4599606e+00   1.3848889e+01
   2.5000000e+02  -1.0000000e+02  -3.0000000e+01   3.0000000e+00   1.4162252e+00   1.3633994e+01   1.4319447e+00   1.3652595e+01
  -2.5000000e+02  -5.0000000e+01  -3.0000000e+01   3.0000000e+00   1.4269658e+00   1.3708104e+01   1.4400715e+00   1.3703113e+01
  -2.0000000e+02  -5.0000000e+01  -3.0000000e+01   3.0000000e+00   1.4642475e+00   1.4045970e+01   1.4730085e+00   1.3952884e+01
  -1.5000000e+02  -5.0000000e+01  -3.0000000e+01   3.0000000e+00   1.5125238e+00   1.4601275e+01   1.5140028e+00   1.4557644e+01
  -1.0000000e+02  -5.0000000e+01  -3.0000000e+01   3.0000000e+00   1.5820324e+00   1.5408377e+01   1.5558137e+00   1.5587814e+01
  -5.0000000e+01  -5.0000000e+01  -3.0000000e+01   3.0000000e+00   1.7160048e+00   1.6960175e+01   1.5887581e+00   1.6462538e+01
   0.0000000e+00  -5.0000000e+01  -3.0000000e+01   3.0000000e+00   1.7987570e+00   1.7833646e+01   1.6028496e+00   1.6722715e+01
   5.0000000e+01  -5.0000000e+01  -3.0000000e+01   3.0000000e+00   1.7160048e+00   1.6960175e+01   1.5887581e+00   1.6462538e+01
   1.0000000e+02  -5.0000000e+01  -3.0000000e+01   3.0000000e+00   1.5820324e+00   1.5408377e+01   1.5558137e+00   1.5587814e+01
   1.5000000e+02  -5.0000000e+01  -3.0000000e+01   3.0000000e+00   1.5125238e+00   1.4601275e+01   1.5140028e+00   1.4557644e+01
   2.0000000e+02  -5.0000000e+01  -3.0000000e+01   3.0000000e+00   1.4642475e+00   1.4045970e+01   1.4730085e+00   1.3952884e+01
   2.5000000e+02  -5.0000000e+01  -3.0000000e+01   3.0000000e+00   1.4269658e+00   1.3708104e+01   1.4400715e+00   1.3703113e+01
  -2.5000000e+02   0.0000000e+00  -3.0000000e+01   3.0000000e+00   1.4312231e+00   1.3738278e+01   1.4429938e+00   1.3719434e+01
  -2.0000000e+02   0.0000000e+00  -3.0000000e+01   3.0000000e+00   1.4727183e+00   1.4122117e+01   1.4778624e+00   1.3987900e+01
  -1.5000000e+02   0.0000000e+00  -3.0000000e+01   3.0000000e+00   1.5289274e+00   1.4775218e+01   1.5219145e+00   1.4656736e+01
  -1.0000000e+02   0.0000000e+00  -3.0000000e+01   3.0000000e+00   1.6168673e+00   1.5787301e+01   1.5674471e+00   1.5803853e+01
  -5.0000000e+01   0.0000000e+00  -3.0000000e+01   3.0000000e+00   1.7956385e+00   1.7800068e+01   1.6042190e+00   1.6748273e+01
   0.0000000e+00   0.0000000e+00  -3.0000000e+01   3.0000000e+00   1.9078653e+00   1.8950867e+01   1.6207066e+00   1.6994148e+01
   5.0000000e+01   0.0000000e+00  -3.0000000e+01   3.0000000e+00   1.7956385e+00   1.7800068e+01   1.6042190e+00   1.6748273e+01
   1.0000000e+02   0.0000000e+00  -3.0000000e+01   3.0000000e+00   1.6168673e+00   1.5787301e+01   1.5674471e+00   1.5803853e+01
   1.5000000e+02   0.0000000e+00  -3.0000000e+01   3.0000000e+00   1.5289274e+00   1.4775218e+01   1.5219145e+00   1.4656736e+01
   2.0000000e+02   0.0000000e+00  -3.0000000e+01   3.0000000e+00   1.4727183e+00   1.4122117e+01   1.4778624e+00   1.3987900e+01
   2.5000000e+02   0.0000000e+00  -3.0000000e+01   3.0000000e+00   1.4312231e+00   1.3738278e+01   1.4429938e+00   1.3719434e+01
  -2.5000000e+02   5.0000000e+01  -3.0000000e+01   3.0000000e+00   1.4266804e+00   1.3706096e+01   1.4398635e+00   1.3701607e+01
  -2.0000000e+02   5.0000000e+01  -3.0000000e+01   3.0000000e+00   1.4636916e+00   1.4040972e+01   1.4726781e+00   1.3949221e+01
  -1.5000000e+02   5.0000000e+01  -3.0000000e+01   3.0000000e+00   1.5114810e+00   1.4590049e+01   1.5135074e+00   1.4548910e+01
  -1.0000000e+02   5.0000000e+01  -3.0000000e+01   3.0000000e+00   1.5798993e+00   1.5384319e+01   1.5551801e+00   1.5570669e+01
  -5.0000000e+01   5.0000000e+01  -3.0000000e+01   3.0000000e+00   1.7111992e+00   1.6906805e+01   1.5882363e+00   1.6442826e+01
   0.0000000e+00   5.0000000e+01  -3.0000000e+01   3.0000000e+00   1.7922042e+00   1.7763101e+01   1.6025339e+00   1.6709064e+01
   5.0000000e+01   5.0000000e+01  -3.0000000e+01   3.0000000e+00   1.7111992e+00   1.6906805e+01   1.5882363e+00   1.6442826e+01
   1.0000000e+02   5.0000000e+01  -3.0000000e+01   3.0000000e+00   1.5798993e+00   1.5384319e+01   1.5551801e+00   1.5570669e+01
   1.5000000e+02   5.0000000e+01  -3.0000000e+01   3.0000000e+00   1.5114810e+00   1.4590049e+01   1.5135074e+00   1.4548910e+01
   2.0000000e+02   5.0000000e+01  -3.0000000e+01   3.0000000e+00   1.4636916e+00   1.4040972e+01   1.4726781e+00   1.3949221e+01
   2.5000000e+02   5.0000000e+01  -3.0000000e+01   3.0000000e+00   1.4266804e+00   1.3706096e+01   1.4398635e+00   1.3701607e+01
  -2.5000000e+02   1.0000000e+02  -3.0000000e+01   3.0000000e+00   1.4158000e+00   1.3631141e+01   1.4315807e+00   1.3649983e+01
  -2.0000000e+02   1.0000000e+02  -3.0000000e+01   3.0000000e+00   1.4436772e+00   1.3862876e+01   1.4593975e+00   1.3842870e+01
  -1.5000000e+02   1.0000000e+02  -3.0000000e+01   3.0000000e+00   1.4771172e+00   1.4215720e+01   1.4929694e+00   1.4261390e+01
  -1.0000000e+02   1.0000000e+02  -3.0000000e+01   3.0000000e+00   1.5178848e+00   1.4669768e+01   1.5272565e+00   1.4957634e+01
  -5.0000000e+01   1.0000000e+02  -3.0000000e+01   3.0000000e+00   1.5792415e+00   1.5375507e+01   1.5546424e+00   1.5583288e+01
   0.0000000e+00   1.0000000e+02  -3.0000000e+01   3.0000000e+00   1.6145218e+00   1.5759549e+01   1.5658637e+00   1.5803320e+01
   5.0000000e+01   1.0000000e+02  -3.0000000e+01   3.0000000e+00   1.5792415e+00   1.5375507e+01   1.5546424e+00   1.5583288e+01
   1.0000000e+02   1.0000000e+02  -3.0000000e+01   3.0000000e+00   1.5178848e+00   1.4669768e+01   1.5272565e+00   1.4957634e+01
   1.5000000e+02   1.0000000e+02  -3.0000000e+01   3.0000000e+00   1.4771172e+00   1.4215720e+01   1.4929694e+00   1.4261390e+01
   2.0000000e+02   1.0000000e+02  -3.0000000e+01   3.0000000e+00   1.4436772e+00   1.3862876e+01   1.4593975e+00   1.3842870e+01
   2.5000000e+02   1.0000000e+02  -3.0000000e+01   3.0000000e+00   1.4158000e+00   1.3631141e+01   1.4315807e+00   1.3649983e+01
  -2.5000000e+02   1.5000000e+02  -3.0000000e+01   3.0000000e+00   1.4031195e+00   1.3549970e+01   1.4201975e+00   1.3571432e+01
  -2.0000000e+02   1.5000000e+02  -3.0000000e+01   3.0000000e+00   1.4230143e+00   1.3691717e+01   1.4419922e+00   1.3700188e+01
  -1.5000000e+02   1.5000000e+02  -3.0000000e+01   3.0000000e+00   1.4472613e+00   1.3907567e+01   1.4673097e+00   1.3928274e+01
  -1.0000000e+02   1.5000000e+02  -3.0000000e+01   3.0000000e+00   1.4771361e+00   1.4215483e+01   1.4930373e+00   1.4270364e+01
  -5.0000000e+01   1.5000000e+02  -3.0000000e+01   3.0000000e+00   1.5111774e+00   1.4585138e+01   1.5135119e+00   1.4577015e+01
   0.0000000e+00   1.5000000e+02  -3.0000000e+01   3.0000000e+00   1.5279105e+00   1.4762224e+01   1.5216011e+00   1.4690646e+01
   5.0000000e+01   1.5000000e+02  -3.0000000e+01   3.0000000e+00   1.5111774e+00   1.4585138e+01   1.5135119e+00   1.4577015e+01
   1.0000000e+02   1.5000000e+02  -3.0000000e+01   3.0000000e+00   1.4771361e+00   1.4215483e+01   1.4930373e+00   1.4270364e+01
   1.5000000e+02   1.5000000e+02  -3.0000000e+01   3.0000000e+00   1.4472613e+00   1.3907567e+01   1.4673097e+00   1.3928274e+01
   2.0000000e+02   1.5000000e+02  -3.0000000e+01   3.0000000e+00   1.4230143e+00   1.3691717e+01   1.4419922e+00   1.3700188e+01
   2.5000000e+02   1.5000000e+02  -3.0000000e+01   3.0000000e+00   1.4031195e+00   1.3549970e+01   1.4201975e+00   1.3571432e+01
  -2.5000000e+02   2.0000000e+02  -3.0000000e+01   3.0000000e+00   1.3914505e+00   1.3483995e+01   1.4078562e+00   1.3490830e+01
  -2.0000000e+02   2.0000000e+02  -3.0000000e+01   3.0000000e+00   1.4055870e+00   1.3567224e+01   1.4239877e+00   1.3572390e+01
  -1.5000000e+02   2.0000000e+02  -3.0000000e+01   3.0000000e+00   1.4229768e+00   1.3691281e+01   1.4418067e+00   1.3698390e+01
  -1.0000000e+02   2.0000000e+02  -3.0000000e+01   3.0000000e+00   1.4435487e+00   1.3861159e+01   1.4590655e+00   1.3844846e+01
  -5.0000000e+01   2.0000000e+02  -3.0000000e+01   3.0000000e+00   1.4632928e+00   1.4036045e+01   1.4721447e+00   1.3959718e+01
   0.0000000e+00   2.0000000e+02  -3.0000000e+01   3.0000000e+00   1.4719463e+00   1.4113470e+01   1.4771074e+00   1.4001654e+01
   5.0000000e+01   2.0000000e+02  -3.0000000e+01   3.0000000e+00   1.4632928e+00   1.4036045e+01   1.4721447e+00   1.3959718e+01
   1.0000000e+02   2.0000000e+02  -3.0000000e+01   3.0000000e+00   1.4435487e+00   1.3861159e+01   1.4590655e+00   1.3844846e+01
   1.5000000e+02   2.0000000e+02  -3.0000000e+01   3.0000000e+00   1.4229768e+00   1.3691281e+01   1.4418067e+00   1.3698390e+01
   2.0000000e+02   2.0000000e+02  -3.0000000e+01   3.0000000e+00   1.4055870e+00   1.3567224e+01   1.4239877e+00   1.3572390e+01
   2.5000000e+02   2.0000000e+02  -3.0000000e+01   3.0000000e+00   1.3914505e+00   1.3483995e+01   1.4078562e+00   1.3490830e+01
  -2.5000000e+02   2.5000000e+02  -3.0000000e+01   3.0000000e+00   1.3815740e+00   1.3436333e+01   1.3961339e+00   1.3444295e+01
  -2.0000000e+02   2.5000000e+02  -3.0000000e+01   3.0000000e+00   1.3914226e+00   1.3483823e+01   1.4076489e+00   1.3490487e+01
  -1.5000000e+02   2.5000000e+02  -3.0000000e+01   3.0000000e+00   1.4030414e+00   1.3549389e+01   1.4197443e+00   1.3568994e+01
  -1.0000000e+02   2.5000000e+02  -3.0000000e+01   3.0000000e+00   1.4156205e+00   1.3629644e+01   1.4308572e+00   1.3649201e+01
  -5.0000000e+01   2.5000000e+02  -3.0000000e+01   3.0000000e+00   1.4263256e+00   1.3703060e+01   1.4388727e+00   1.3705021e+01
   0.0000000e+00   2.5000000e+02  -3.0000000e+01   3.0000000e+00   1.4306775e+00   1.3733737e+01   1.4418205e+00   1.3724494e+01
   5.0000000e+01   2.5000000e+02  -3.0000000e+01   3.0000000e+00   1.4263256e+00   1.3703060e+01   1.4388727e+00   1.3705021e+01
   1.0000000e+02   2.5000000e+02  -3.0000000e+01   3.0000000e+00   1.4156205e+00   1.3629644e+01   1.4308572e+00   1.3649201e+01
   1.5000000e+02   2.5000000e+02  -3.0000000e+01   3.0000000e+00   1.4030414e+00   1.3549389e+01   1.4197443e+00   1.3568994e+01
   2.0000000e+02   2.5000000e+02  -3.0000000e+01   3.0000000e+00   1.3914226e+00   1.3483823e+01   1.4076489e+00   1.3490487e+01
   2.5000000e+02   2.5000000e+02  -3.0000000e+01   3.0000000e+00   1.3815740e+00   1.3436333e+01   1.3961339e+00   1.3444295e+01
  -2.5000000e+02  -2.5000000e+02  -3.0000000e+01   4.0000000e+00   3.7299465e+00   1.7204642e+01   3.7605960e+00   1.7142492e+01
  -2.0000000e+02  -2.5000000e+02  -3.0000000e+01   4.0000000e+00   3.7455964e+00   1.7241139e+01   3.7834313e+00   1.7172952e+01
  -1.5000000e+02  -2.5000000e+02  -3.0000000e+01   4.0000000e+00   3.7503764e+00   1.7281187e+01   3.7987255e+00   1.7240569e+01
  -1.0000000e+02  -2.5000000e+02  -3.0000000e+01   4.0000000e+00   3.7474779e+00   1.7325916e+01   3.8023758e+00   1.7302916e+01
  -5.0000000e+01  -2.5000000e+02  -3.0000000e+01   4.0000000e+00   3.7470559e+00   1.7373218e+01   3.7993360e+00   1.7341469e+01
   0.0000000e+00  -2.5000000e+02  -3.0000000e+01   4.0000000e+00   3.7486327e+00   1.7395869e+01   3.7973419e+00   1.7354365e+01
   5.0000000e+01  -2.5000000e+02  -3.0000000e+01   4.0000000e+00   3.7470559e+00   1.7373218e+01   3.7993360e+00   1.7341469e+01
   1.0000000e+02  -2.5000000e+02  -3.0000000e+01   4.0000000e+00   3.7474779e+00   1.7325916e+01   3.8023758e+00   1.7302916e+01
   1.5000000e+02  -2.5000000e+02  -3.0000000e+01   4.0000000e+00   3.7503764e+00   1.7281187e+01   3.7987255e+00   1.7240569e+01
   2.0000000e+02  -2.5000000e+02  -3.0000000e+01   4.0000000e+00   3.7455964e+00   1.7241139e+01   3.7834313e+00   1.7172952e+01
   2.5000000e+02  -2.5000000e+02  -3.0000000e+01   4.0000000e+00   3.7299465e+00   1.7204642e+01   3.7605960e+00   1.7142492e+01
  -2.5000000e+02  -2.0000000e+02  -3.0000000e+01   4.0000000e+00   3.7710880e+00   1.7236094e+01   3.8124128e+00   1.7161237e+01
  -2.0000000e+02  -2.0000000e+02  -3.0000000e+01   4.0000000e+00   3.8090983e+00   1.7299592e+01   3.8593262e+00   1.7198594e+01
  -1.5000000e+02  -2.0000000e+02  -3.0000000e+01   4.0000000e+00   3.8319412e+00   1.7362848e+01   3.8949320e+00   1.7256631e+01
  -1.0000000e+02  -2.0000000e+02  -3.0000000e+01   4.0000000e+00   3.8389688e+00   1.7420989e+01   3.9076005e+00   1.7289915e+01
  -5.0000000e+01  -2.0000000e+02  -3.0000000e+01   4.0000000e+00   3.8531901e+00   1.7497951e+01   3.9055165e+00   1.7295057e+01
   0.0000000e+00  -2.0000000e+02  -3.0000000e+01   4.0000000e+00   3.8654624e+00   1.7542496e+01   3.9035417e+00   1.7296390e+01
   5.0000000e+01  -2.0000000e+02  -3.0000000e+01   4.0000000e+00   3.8531901e+00   1.7497951e+01   3.9055165e+00   1.7295057e+01
   1.0000000e+02  -2.0000000e+02  -3.0000000e+01   4.0000000e+00   3.8389688e+00   1.7420989e+01   3.9076005e+00   1.7289915e+01
   1.5000000e+02  -2.0000000e+02  -3.0000000e+01   4.0000000e+00   3.8319412e+00   1.7362848e+01   3.8949320e+00   1.7256631e+01
   2.0000000e+02  -2.0000000e+02  -3.0000000e+01   4.0000000e+00   3.8090983e+00   1.7299592e+01   3.8593262e+00   1.7198594e+01
   2.5000000e+02  -2.0000000e+02  -3.0000000e+01   4.0000000e+00   3.7710880e+00   1.7236094e+01   3.8124128e+00   1.7161237e+01
  -2.5000000e+02  -1.5000000e+02  -3.0000000e+01   4.0000000e+00   3.8296891e+00   1.7278753e+01   3.8940477e+00   1.7238129e+01
  -2.0000000e+02  -1.5000000e+02  -3.0000000e+01   4.0000000e+00   3.9257427e+00   1.7410952e+01   3.9953770e+00   1.7324469e+01
  -1.5000000e+02  -1.5000000e+02  -3.0000000e+01   4.0000000e+00   4.0408786e+00   1.7595149e+01   4.1022396e+00   1.7469715e+01
  -1.0000000e+02  -1.5000000e+02  -3.0000000e+01   4.0000000e+00   4.1763498e+00   1.7820684e+01   4.1893175e+00   1.7648228e+01
  -5.0000000e+01  -1.5000000e+02  -3.0000000e+01   4.0000000e+00   4.3501019e+00   1.8131744e+01   4.2474576e+00   1.7808873e+01
   0.0000000e+00  -1.5000000e+02  -3.0000000e+01   4.0000000e+00   4.4461620e+00   1.8303671e+01   4.2707337e+00   1.7881204e+01
   5.0000000e+01  -1.5000000e+02  -3.0000000e+01   4.0000000e+00   4.3501019e+00   1.8131744e+01   4.2474576e+00   1.7808873e+01
   1.0000000e+02  -1.5000000e+02  -3.0000000e+01   4.0000000e+00   4.1763498e+00   1.7820684e+01   4.1893175e+00   1.7648228e+01
   1.5000000e+02  -1.5000000e+02  -3.0000000e+01   4.0000000e+00   4.0408786e+00   1.7595149e+01   4.1022396e+00   1.7469715e+01
   2.0000000e+02  -1.5000000e+02  -3.0000000e+01   4.0000000e+00   3.9257427e+00   1.7410952e+01   3.9953770e+00   1.7324469e+01
   2.5000000e+02  -1.5000000e+02  -3.0000000e+01   4.0000000e+00   3.8296891e+00   1.7278753e+01   3.8940477e+00   1.7238129e+01
  -2.5000000e+02  -1.0000000e+02  -3.0000000e+01   4.0000000e+00   3.8880675e+00   1.7314348e+01   3.9861437e+00   1.7307918e+01
  -2.0000000e+02  -1.0000000e+02  -3.0000000e+01   4.0000000e+00   4.0663315e+00   1.7544888e+01   4.1705557e+00   1.7494866e+01
  -1.5000000e+02  -1.0000000e+02  -3.0000000e+01   4.0000000e+00   4.3670395e+00   1.8020362e+01   4.4249154e+00   1.8015031e+01
  -1.0000000e+02  -1.0000000e+02  -3.0000000e+01   4.0000000e+00   4.8686326e+00   1.8922029e+01   4.7298182e+00   1.9071267e+01
  -5.0000000e+01  -1.0000000e+02  -3.0000000e+01   4.0000000e+00   5.5326543e+00   2.0149645e+01   5.0042516e+00   2.0149717e+01
   0.0000000e+00  -1.0000000e+02  -3.0000000e+01   4.0000000e+00   5.8695564e+00   2.0732524e+01   5.1206407e+00   2.0561670e+01
   5.0000000e+01  -1.0000000e+02  -3.0000000e+01   4.0000000e+00   5.5326543e+00   2.0149645e+01   5.0042516e+00   2.0149717e+01
   1.0000000e+02  -1.0000000e+02  -3.0000000e+01   4.0000000e+00   4.8686326e+00   1.8922029e+01   4.7298182e+00   1.9071267e+01
   1.5000000e+02  -1.0000000e+02  -3.0000000e+01   4.0000000e+00   4.3670395e+00   1.8020362e+01   4.4249154e+00   1.8015031e+01
   2.0000000e+02  -1.0000000e+02  -3.0000000e+01   4.0000000e+00   4.0663315e+00   1.7544888e+01   4.1705557e+00   1.7494866e+01
   2.5000000e+02  -1.0000000e+02  -3.0000000e+01   4.0000000e+00   3.8880675e+00   1.7314348e+01   3.9861437e+00   1.7307918e+01
  -2.5000000e+02  -5.0000000e+01  -3.0000000e+01   4.0000000e+00   3.9217027e+00   1.7322394e+01   4.0557185e+00   1.7333363e+01
  -2.0000000e+02  -5.0000000e+01  -3.0000000e+01   4.0000000e+00   4.1502031e+00   1.7599104e+01   4.3093934e+00   1.7576403e+01
  -1.5000000e+02  -5.0000000e+01  -3.0000000e+01   4.0000000e+00   4.5666846e+00   1.8231554e+01   4.6945168e+00   1.8369523e+01
  -1.0000000e+02  -5.0000000e+01  -3.0000000e+01   4.0000000e+00   5.2918138e+00   1.9505966e+01   5.1995029e+00   2.0022137e+01
  -5.0000000e+01  -5.0000000e+01  -3.0000000e+01   4.0000000e+00   6.2192393e+00   2.1187318e+01   5.6652088e+00   2.1453814e+01
   0.0000000e+00  -5.0000000e+01  -3.0000000e+01   4.0000000e+00   6.6677517e+00   2.1947822e+01   5.8537100e+00   2.1776253e+01
   5.0000000e+01  -5.0000000e+01  -3.0000000e+01   4.0000000e+00   6.2192393e+00   2.1187318e+01   5.6652088e+00   2.1453814e+01
   1.0000000e+02  -5.0000000e+01  -3.0000000e+01   4.0000000e+00   5.2918138e+00   1.9505966e+01   5.1995029e+00   2.0022137e+01
   1.5000000e+02  -5.0000000e+01  -3.0000000e+01   4.0000000e+00   4.5666846e+00   1.8231554e+01   4.6945168e+00   1.8369523e+01
   2.0000000e+02  -5.0000000e+01  -3.0000000e+01   4.0000000e+00   4.1502031e+00   1.7599104e+01   4.3093934e+00   1.7576403e+01
   2.5000000e+02  -5.0000000e+01  -3.0000000e+01   4.0000000e+00   3.9217027e+00   1.7322394e+01   4.0557185e+00   1.7333363e+01
  -2.5000000e+02   0.0000000e+00  -3.0000000e+01   4.0000000e+00   3.9299608e+00   1.7318952e+01   4.0801000e+00   1.7334305e+01
  -2.0000000e+02   0.0000000e+00  -3.0000000e+01   4.0000000e+00   4.1679377e+00   1.7597088e+01   4.3569992e+00   1.7578221e+01
  -1.5000000e+02   0.0000000e+00  -3.0000000e+01   4.0000000e+00   4.5967001e+00   1.8231543e+01   4.7807457e+00   1.8387647e+01
  -1.0000000e+02   0.0000000e+00  -3.0000000e+01   4.0000000e+00   5.3217783e+00   1.9497498e+01   5.3311998e+00   2.0002470e+01
  -5.0000000e+01   0.0000000e+00  -3.0000000e+01   4.0000000e+00   6.2119270e+00   2.1158546e+01   5.8218360e+00   2.1172670e+01
   0.0000000e+00   0.0000000e+00  -3.0000000e+01   4.0000000e+00   6.6244285e+00   2.1888125e+01   6.0110156e+00   2.1252718e+01
   5.0000000e+01   0.0000000e+00  -3.0000000e+01   4.0000000e+00   6.2119270e+00   2.1158546e+01   5.8218360e+00   2.1172670e+01
   1.0000000e+02   0.0000000e+00  -3.0000000e+01   4.0000000e+00   5.3217783e+00   1.9497498e+01   5.3311998e+00   2.0002470e+01
   1.5000000e+02   0.0000000e+00  -3.0000000e+01   4.0000000e+00   4.5967001e+00   1.8231543e+01   4.7807457e+00   1.8387647e+01
   2.0000000e+02   0.0000000e+00  -3.0000000e+01   4.0000000e+00   4.1679377e+00   1.7597088e+01   4.3569992e+00   1.7578221e+01
   2.5000000e+02   0.0000000e+00  -3.0000000e+01   4.0000000e+00   3.9299608e+00   1.7318952e+01   4.0801000e+00   1.7334305e+01
  -2.5000000e+02   5.0000000e+01  -3.0000000e+01   4.0000000e+00   3.9210398e+00   1.7322480e+01   4.0538555e+00   1.7332523e+01
  -2.0000000e+02   5.0000000e+01  -3.0000000e+01   4.0000000e+00   4.1486662e+00   1.7598729e+01   4.3057526e+00   1.7573203e+01
  -1.5000000e+02   5.0000000e+01  -3.0000000e+01   4.0000000e+00   4.5635603e+00   1.8229872e+01   4.6881882e+00   1.8362070e+01
  -1.0000000e+02   5.0000000e+01  -3.0000000e+01   4.0000000e+00   5.2868580e+00   1.9502622e+01   5.1908555e+00   2.0015060e+01
  -5.0000000e+01   5.0000000e+01  -3.0000000e+01   4.0000000e+00   6.2140921e+00   2.1183402e+01   5.6586643e+00   2.1469743e+01
   0.0000000e+00   5.0000000e+01  -3.0000000e+01   4.0000000e+00   6.6634239e+00   2.1944744e+01   5.8509707e+00   2.1817355e+01
   5.0000000e+01   5.0000000e+01  -3.0000000e+01   4.0000000e+00   6.2140921e+00   2.1183402e+01   5.6586643e+00   2.1469743e+01
   1.0000000e+02   5.0000000e+01  -3.0000000e+01   4.0000000e+00   5.2868580e+00   1.9502622e+01   5.1908555e+00   2.0015060e+01
   1.5000000e+02   5.0000000e+01  -3.0000000e+01   4.0000000e+00   4.5635603e+00   1.8229872e+01   4.6881882e+00   1.8362070e+01
   2.0000000e+02   5.0000000e+01  -3.0000000e+01   4.0000000e+00   4.1486662e+00   1.7598729e+01   4.3057526e+00   1.7573203e+01
   2.5000000e+02   5.0000000e+01  -3.0000000e+01   4.0000000e+00   3.9210398e+00   1.7322480e+01   4.0538555e+00   1.7332523e+01
  -2.5000000e+02   1.0000000e+02  -3.0000000e+01   4.0000000e+00   3.8863815e+00   1.7313541e+01   3.9829958e+00   1.7305759e+01
  -2.0000000e+02   1.0000000e+02  -3.0000000e+01   4.0000000e+00   4.0620561e+00   1.7541164e+01   4.1643089e+00   1.7487421e+01
  -1.5000000e+02   1.0000000e+02  -3.0000000e+01   4.0000000e+00   4.3564320e+00   1.8006673e+01   4.4130570e+00   1.7992197e+01
  -1.0000000e+02   1.0000000e+02  -3.0000000e+01   4.0000000e+00   4.8446121e+00   1.8882626e+01   4.7098089e+00   1.9020063e+01
  -5.0000000e+01   1.0000000e+02  -3.0000000e+01   4.0000000e+00   5.4906434e+00   2.0076061e+01   4.9778371e+00   2.0080631e+01
   0.0000000e+00   1.0000000e+02  -3.0000000e+01   4.0000000e+00   5.8189107e+00   2.0644275e+01   5.0928255e+00   2.0496028e+01
   5.0000000e+01   1.0000000e+02  -3.0000000e+01   4.0000000e+00   5.4906434e+00   2.0076061e+01   4.9778371e+00   2.0080631e+01
   1.0000000e+02   1.0000000e+02  -3.0000000e+01   4.0000000e+00   4.8446121e+00   1.8882626e+01   4.7098089e+00   1.9020063e+01
   1.5000000e+02   1.0000000e+02  -3.0000000e+01   4.0000000e+00   4.3564320e+00   1.8006673e+01   4.4130570e+00   1.7992197e+01
   2.0000000e+02   1.0000000e+02  -3.0000000e+01   4.0000000e+00   4.0620561e+00   1.7541164e+01   4.1643089e+00   1.7487421e+01
   2.5000000e+02   1.0000000e+02  -3.0000000e+01   4.0000000e+00   3.8863815e+00   1.7313541e+01   3.9829958e+00   1.7305759e+01
  -2.5000000e+02   1.5000000e+02  -3.0000000e+01   4.0000000e+00   3.8275314e+00   1.7277239e+01   3.8907842e+00   1.7235068e+01
  -2.0000000e+02   1.5000000e+02  -3.0000000e+01   4.0000000e+00   3.9209610e+00   1.7406242e+01   3.9894658e+00   1.7316943e+01
  -1.5000000e+02   1.5000000e+02  -3.0000000e+01   4.0000000e+00   4.0310475e+00   1.7583092e+01   4.0922082e+00   1.7452121e+01
  -1.0000000e+02   1.5000000e+02  -3.0000000e+01   4.0000000e+00   4.1581527e+00   1.7795609e+01   4.1741384e+00   1.7613572e+01
  -5.0000000e+01   1.5000000e+02  -3.0000000e+01   4.0000000e+00   4.3212280e+00   1.8089083e+01   4.2280115e+00   1.7758608e+01
   0.0000000e+00   1.5000000e+02  -3.0000000e+01   4.0000000e+00   4.4118678e+00   1.8252268e+01   4.2497267e+00   1.7825865e+01
   5.0000000e+01   1.5000000e+02  -3.0000000e+01   4.0000000e+00   4.3212280e+00   1.8089083e+01   4.2280115e+00   1.7758608e+01
   1.0000000e+02   1.5000000e+02  -3.0000000e+01   4.0000000e+00   4.1581527e+00   1.7795609e+01   4.1741384e+00   1.7613572e+01
   1.5000000e+02   1.5000000e+02  -3.0000000e+01   4.0000000e+00   4.0310475e+00   1.7583092e+01   4.0922082e+00   1.7452121e+01
   2.0000000e+02   1.5000000e+02  -3.0000000e+01   4.0000000e+00   3.9209610e+00   1.7406242e+01   3.9894658e+00   1.7316943e+01
   2.5000000e+02   1.5000000e+02  -3.0000000e+01   4.0000000e+00   3.8275314e+00   1.7277239e+01   3.8907842e+00   1.7235068e+01
  -2.5000000e+02   2.0000000e+02  -3.0000000e+01   4.0000000e+00   3.7693592e+00   1.7234797e+01   3.8099877e+00   1.7158600e+01
  -2.0000000e+02   2.0000000e+02  -3.0000000e+01   4.0000000e+00   3.8061099e+00   1.7296844e+01   3.8555867e+00   1.7194098e+01
  -1.5000000e+02   2.0000000e+02  -3.0000000e+01   4.0000000e+00   3.8275365e+00   1.7358506e+01   3.8897742e+00   1.7250256e+01
  -1.0000000e+02   2.0000000e+02  -3.0000000e+01   4.0000000e+00   3.8332498e+00   1.7415476e+01   3.9013132e+00   1.7281522e+01
  -5.0000000e+01   2.0000000e+02  -3.0000000e+01   4.0000000e+00   3.8458756e+00   1.7490399e+01   3.8985360e+00   1.7284919e+01
   0.0000000e+00   2.0000000e+02  -3.0000000e+01   4.0000000e+00   3.8572080e+00   1.7533533e+01   3.8963043e+00   1.7285469e+01
   5.0000000e+01   2.0000000e+02  -3.0000000e+01   4.0000000e+00   3.8458756e+00   1.7490399e+01   3.8985360e+00   1.7284919e+01
   1.0000000e+02   2.0000000e+02  -3.0000000e+01   4.0000000e+00   3.8332498e+00   1.7415476e+01   3.9013132e+00   1.7281522e+01
   1.5000000e+02   2.0000000e+02  -3.0000000e+01   4.0000000e+00   3.8275365e+00   1.7358506e+01   3.8897742e+00   1.7250256e+01
   2.0000000e+02   2.0000000e+02  -3.0000000e+01   4.0000000e+00   3.8061099e+00   1.7296844e+01   3.8555867e+00   1.7194098e+01
   2.5000000e+02   2.0000000e+02  -3.0000000e+01   4.0000000e+00   3.7693592e+00   1.7234797e+01   3.8099877e+00   1.7158600e+01
  -2.5000000e+02   2.5000000e+02  -3.0000000e+01   4.0000000e+00   3.7288742e+00   1.7203787e+01   3.7590950e+00   1.7140380e+01
  -2.0000000e+02   2.5000000e+02  -3.0000000e+01   4.0000000e+00   3.7441644e+00   1.7239750e+01   3.7813004e+00   1.7168185e+01
  -1.5000000e+02   2.5000000e+02  -3.0000000e+01   4.0000000e+00   3.7488599e+00   1.7279430e+01   3.7961653e+00   1.7234046e+01
  -1.0000000e+02   2.5000000e+02  -3.0000000e+01   4.0000000e+00   3.7461521e+00   1.7323909e+01   3.7997132e+00   1.7294876e+01
  -5.0000000e+01   2.5000000e+02  -3.0000000e+01   4.0000000e+00   3.7458188e+00   1.7370648e+01   3.7967763e+00   1.7332453e+01
   0.0000000e+00   2.5000000e+02  -3.0000000e+01   4.0000000e+00   3.7473581e+00   1.7392909e+01   3.7948478e+00   1.7345014e+01
   5.0000000e+01   2.5000000e+02  -3.0000000e+01   4.0000000e+00   3.7458188e+00   1.7370648e+01   3.7967763e+00   1.7332453e+01
   1.0000000e+02   2.5000000e+02  -3.0000000e+01   4.0000000e+00   3.7461521e+00   1.7323909e+01   3.7997132e+00   1.7294876e+01
   1.5000000e+02   2.5000000e+02  -3.0000000e+01   4.0000000e+00   3.7488599e+00   1.7279430e+01   3.7961653e+00   1.7234046e+01
   2.0000000e+02   2.5000000e+02  -3.0000000e+01   4.0000000e+00   3.7441644e+00   1.7239750e+01   3.7813004e+00   1.7168185e+01
   2.5000000e+02   2.5000000e+02  -3.0000000e+01   4.0000000e+00   3.7288742e+00   1.7203787e+01   3.7590950e+00   1.7140380e+01
