  -2.5000000e+02  -2.5000000e+02  -3.0000000e+01   4.0000000e+00   3.0789074e-02   3.2557693e-02
  -2.5000000e+02  -2.5000000e+02  -3.0000000e+01   5.0000000e+00   1.0375704e+00   1.1624498e+00
  -2.5000000e+02  -2.5000000e+02  -3.0000000e+01   6.0000000e+00   1.0375704e+00   1.0449724e+00
  -2.5000000e+02  -2.5000000e+02  -3.0000000e+01   7.0000000e+00  -2.0751408e+00  -2.2074222e+00
  -2.5000000e+02  -2.5000000e+02  -3.0000000e+01   8.0000000e+00   3.7905217e+00   3.6819313e+00
  -2.5000000e+02  -2.5000000e+02  -3.0000000e+01   9.0000000e+00   1.7982462e+00   1.5792095e+00
  -2.5000000e+02  -2.5000000e+02  -3.0000000e+01   1.0000000e+01   1.7982462e+00   1.4944965e+00
  -2.5000000e+02  -2.0000000e+02  -3.0000000e+01   4.0000000e+00   4.1044974e-02   4.1673248e-02
  -2.5000000e+02  -2.0000000e+02  -3.0000000e+01   5.0000000e+00   2.3475457e+00   2.6433530e+00
  -2.5000000e+02  -2.0000000e+02  -3.0000000e+01   6.0000000e+00   1.4745365e-01   1.4113763e-02
  -2.5000000e+02  -2.0000000e+02  -3.0000000e+01   7.0000000e+00  -2.4949994e+00  -2.6574667e+00
  -2.5000000e+02  -2.0000000e+02  -3.0000000e+01   8.0000000e+00   4.7460741e+00   4.6430525e+00
  -2.5000000e+02  -2.0000000e+02  -3.0000000e+01   9.0000000e+00   2.9017454e+00   2.6801562e+00
  -2.5000000e+02  -2.0000000e+02  -3.0000000e+01   1.0000000e+01   2.2974016e+00   2.0082148e+00
  -2.5000000e+02  -1.5000000e+02  -3.0000000e+01   4.0000000e+00   5.3469797e-02   5.2296006e-02
  -2.5000000e+02  -1.5000000e+02  -3.0000000e+01   5.0000000e+00   4.3712060e+00   4.9074893e+00
  -2.5000000e+02  -1.5000000e+02  -3.0000000e+01   6.0000000e+00  -1.5130617e+00  -1.5756936e+00
  -2.5000000e+02  -1.5000000e+02  -3.0000000e+01   7.0000000e+00  -2.8581443e+00  -3.3317958e+00
  -2.5000000e+02  -1.5000000e+02  -3.0000000e+01   8.0000000e+00   5.3037122e+00   5.2174664e+00
  -2.5000000e+02  -1.5000000e+02  -3.0000000e+01   9.0000000e+00   4.4905388e+00   4.1634984e+00
  -2.5000000e+02  -1.5000000e+02  -3.0000000e+01   1.0000000e+01   2.6146334e+00   2.1789952e+00
  -2.5000000e+02  -1.0000000e+02  -3.0000000e+01   4.0000000e+00   6.6295859e-02   6.2852900e-02
  -2.5000000e+02  -1.0000000e+02  -3.0000000e+01   5.0000000e+00   6.8467768e+00   7.6598533e+00
  -2.5000000e+02  -1.0000000e+02  -3.0000000e+01   6.0000000e+00  -3.7469644e+00  -3.6563251e+00
  -2.5000000e+02  -1.0000000e+02  -3.0000000e+01   7.0000000e+00  -3.0998124e+00  -4.0035282e+00
  -2.5000000e+02  -1.0000000e+02  -3.0000000e+01   8.0000000e+00   4.8041090e+00   4.7480124e+00
  -2.5000000e+02  -1.0000000e+02  -3.0000000e+01   9.0000000e+00   6.3581088e+00   6.0060438e+00
  -2.5000000e+02  -1.0000000e+02  -3.0000000e+01   1.0000000e+01   2.3993532e+00   1.9375420e+00
  -2.5000000e+02  -5.0000000e+01  -3.0000000e+01   4.0000000e+00   7.6215545e-02   7.0693077e-02
  -2.5000000e+02  -5.0000000e+01  -3.0000000e+01   5.0000000e+00   8.9427466e+00   9.9435413e+00
  -2.5000000e+02  -5.0000000e+01  -3.0000000e+01   6.0000000e+00  -5.7189403e+00  -5.3951654e+00
  -2.5000000e+02  -5.0000000e+01  -3.0000000e+01   7.0000000e+00  -3.2238063e+00  -4.5483759e+00
  -2.5000000e+02  -5.0000000e+01  -3.0000000e+01   8.0000000e+00   2.8887276e+00   2.8494075e+00
  -2.5000000e+02  -5.0000000e+01  -3.0000000e+01   9.0000000e+00   7.9096455e+00   7.5945695e+00
  -2.5000000e+02  -5.0000000e+01  -3.0000000e+01   1.0000000e+01   1.4522299e+00   1.1219780e+00
  -2.5000000e+02   0.0000000e+00  -3.0000000e+01   4.0000000e+00   7.9960755e-02   7.3568072e-02
  -2.5000000e+02   0.0000000e+00  -3.0000000e+01   5.0000000e+00   9.7588111e+00   1.0815384e+01
  -2.5000000e+02   0.0000000e+00  -3.0000000e+01   6.0000000e+00  -6.4965641e+00  -6.0575003e+00
  -2.5000000e+02   0.0000000e+00  -3.0000000e+01   7.0000000e+00  -3.2622470e+00  -4.7578839e+00
  -2.5000000e+02   0.0000000e+00  -3.0000000e+01   8.0000000e+00   1.4961990e-17  -4.6040878e-03
  -2.5000000e+02   0.0000000e+00  -3.0000000e+01   9.0000000e+00   8.5098431e+00   8.2207900e+00
  -2.5000000e+02   0.0000000e+00  -3.0000000e+01   1.0000000e+01  -4.0982842e-17  -1.2933767e-02
  -2.5000000e+02   5.0000000e+01  -3.0000000e+01   4.0000000e+00   7.6215545e-02   7.0678659e-02
  -2.5000000e+02   5.0000000e+01  -3.0000000e+01   5.0000000e+00   8.9427466e+00   9.9417424e+00
  -2.5000000e+02   5.0000000e+01  -3.0000000e+01   6.0000000e+00  -5.7189403e+00  -5.3981020e+00
  -2.5000000e+02   5.0000000e+01  -3.0000000e+01   7.0000000e+00  -3.2238063e+00  -4.5436404e+00
  -2.5000000e+02   5.0000000e+01  -3.0000000e+01   8.0000000e+00  -2.8887276e+00  -2.8557053e+00
  -2.5000000e+02   5.0000000e+01  -3.0000000e+01   9.0000000e+00   7.9096455e+00   7.5963643e+00
  -2.5000000e+02   5.0000000e+01  -3.0000000e+01   1.0000000e+01  -1.4522299e+00  -1.1365375e+00
  -2.5000000e+02   1.0000000e+02  -3.0000000e+01   4.0000000e+00   6.6295859e-02   6.2841814e-02
  -2.5000000e+02   1.0000000e+02  -3.0000000e+01   5.0000000e+00   6.8467768e+00   7.6570326e+00
  -2.5000000e+02   1.0000000e+02  -3.0000000e+01   6.0000000e+00  -3.7469644e+00  -3.6613235e+00
  -2.5000000e+02   1.0000000e+02  -3.0000000e+01   7.0000000e+00  -3.0998124e+00  -3.9957091e+00
  -2.5000000e+02   1.0000000e+02  -3.0000000e+01   8.0000000e+00  -4.8041090e+00  -4.7481332e+00
  -2.5000000e+02   1.0000000e+02  -3.0000000e+01   9.0000000e+00   6.3581088e+00   6.0085512e+00
  -2.5000000e+02   1.0000000e+02  -3.0000000e+01   1.0000000e+01  -2.3993532e+00  -1.9299983e+00
  -2.5000000e+02   1.5000000e+02  -3.0000000e+01   4.0000000e+00   5.3469797e-02   5.2289962e-02
  -2.5000000e+02   1.5000000e+02  -3.0000000e+01   5.0000000e+00   4.3712060e+00   4.9041883e+00
  -2.5000000e+02   1.5000000e+02  -3.0000000e+01   6.0000000e+00  -1.5130617e+00  -1.5784784e+00
  -2.5000000e+02   1.5000000e+02  -3.0000000e+01   7.0000000e+00  -2.8581443e+00  -3.3257099e+00
  -2.5000000e+02   1.5000000e+02  -3.0000000e+01   8.0000000e+00  -5.3037122e+00  -5.2170124e+00
  -2.5000000e+02   1.5000000e+02  -3.0000000e+01   9.0000000e+00   4.4905388e+00   4.1658734e+00
  -2.5000000e+02   1.5000000e+02  -3.0000000e+01   1.0000000e+01  -2.6146334e+00  -2.1673903e+00
  -2.5000000e+02   2.0000000e+02  -3.0000000e+01   4.0000000e+00   4.1044974e-02   4.1660240e-02
  -2.5000000e+02   2.0000000e+02  -3.0000000e+01   5.0000000e+00   2.3475457e+00   2.6403095e+00
  -2.5000000e+02   2.0000000e+02  -3.0000000e+01   6.0000000e+00   1.4745365e-01   1.4140167e-02
  -2.5000000e+02   2.0000000e+02  -3.0000000e+01   7.0000000e+00  -2.4949994e+00  -2.6544497e+00
  -2.5000000e+02   2.0000000e+02  -3.0000000e+01   8.0000000e+00  -4.7460741e+00  -4.6437589e+00
  -2.5000000e+02   2.0000000e+02  -3.0000000e+01   9.0000000e+00   2.9017454e+00   2.6817990e+00
  -2.5000000e+02   2.0000000e+02  -3.0000000e+01   1.0000000e+01  -2.2974016e+00  -2.0011436e+00
  -2.5000000e+02   2.5000000e+02  -3.0000000e+01   4.0000000e+00   3.0789074e-02   3.2533536e-02
  -2.5000000e+02   2.5000000e+02  -3.0000000e+01   5.0000000e+00   1.0375704e+00   1.1594291e+00
  -2.5000000e+02   2.5000000e+02  -3.0000000e+01   6.0000000e+00   1.0375704e+00   1.0463310e+00
  -2.5000000e+02   2.5000000e+02  -3.0000000e+01   7.0000000e+00  -2.0751408e+00  -2.2057601e+00
  -2.5000000e+02   2.5000000e+02  -3.0000000e+01   8.0000000e+00  -3.7905217e+00  -3.6816561e+00
  -2.5000000e+02   2.5000000e+02  -3.0000000e+01   9.0000000e+00   1.7982462e+00   1.5817940e+00
  -2.5000000e+02   2.5000000e+02  -3.0000000e+01   1.0000000e+01  -1.7982462e+00  -1.4857296e+00
  -2.0000000e+02  -2.5000000e+02  -3.0000000e+01   4.0000000e+00   4.1044974e-02   4.2240503e-02
  -2.0000000e+02  -2.5000000e+02  -3.0000000e+01   5.0000000e+00   1.4745365e-01   1.4198331e-01
  -2.0000000e+02  -2.5000000e+02  -3.0000000e+01   6.0000000e+00   2.3475457e+00   2.4786221e+00
  -2.0000000e+02  -2.5000000e+02  -3.0000000e+01   7.0000000e+00  -2.4949994e+00  -2.6206054e+00
  -2.0000000e+02  -2.5000000e+02  -3.0000000e+01   8.0000000e+00   4.7460741e+00   4.6990449e+00
  -2.0000000e+02  -2.5000000e+02  -3.0000000e+01   9.0000000e+00   2.2974016e+00   2.1508803e+00
  -2.0000000e+02  -2.5000000e+02  -3.0000000e+01   1.0000000e+01   2.9017454e+00   2.6080706e+00
  -2.0000000e+02  -2.0000000e+02  -3.0000000e+01   4.0000000e+00   5.8569806e-02   5.8677031e-02
  -2.0000000e+02  -2.0000000e+02  -3.0000000e+01   5.0000000e+00   1.4657828e+00   1.5863552e+00
  -2.0000000e+02  -2.0000000e+02  -3.0000000e+01   6.0000000e+00   1.4657828e+00   1.4039307e+00
  -2.0000000e+02  -2.0000000e+02  -3.0000000e+01   7.0000000e+00  -2.9315657e+00  -2.9902859e+00
  -2.0000000e+02  -2.0000000e+02  -3.0000000e+01   8.0000000e+00   6.5599186e+00   6.7064618e+00
  -2.0000000e+02  -2.0000000e+02  -3.0000000e+01   9.0000000e+00   4.1456270e+00   4.0599132e+00
  -2.0000000e+02  -2.0000000e+02  -3.0000000e+01   1.0000000e+01   4.1456270e+00   3.8900542e+00
  -2.0000000e+02  -1.5000000e+02  -3.0000000e+01   4.0000000e+00   8.2410573e-02   8.0947125e-02
  -2.0000000e+02  -1.5000000e+02  -3.0000000e+01   5.0000000e+00   4.0328630e+00   4.4498937e+00
  -2.0000000e+02  -1.5000000e+02  -3.0000000e+01   6.0000000e+00  -1.0063494e+00  -1.0140257e+00
  -2.0000000e+02  -1.5000000e+02  -3.0000000e+01   7.0000000e+00  -3.0265137e+00  -3.4358680e+00
  -2.0000000e+02  -1.5000000e+02  -3.0000000e+01   8.0000000e+00   8.1355061e+00   8.4309986e+00
  -2.0000000e+02  -1.5000000e+02  -3.0000000e+01   9.0000000e+00   7.2816637e+00   7.5677481e+00
  -2.0000000e+02  -1.5000000e+02  -3.0000000e+01   1.0000000e+01   5.3065441e+00   5.0187262e+00
  -2.0000000e+02  -1.0000000e+02  -3.0000000e+01   4.0000000e+00   1.0969706e-01   1.0675834e-01
  -2.0000000e+02  -1.0000000e+02  -3.0000000e+01   5.0000000e+00   7.7481918e+00   8.3557055e+00
  -2.0000000e+02  -1.0000000e+02  -3.0000000e+01   6.0000000e+00  -5.1453226e+00  -5.1234723e+00
  -2.0000000e+02  -1.0000000e+02  -3.0000000e+01   7.0000000e+00  -2.6028692e+00  -3.2322332e+00
  -2.0000000e+02  -1.0000000e+02  -3.0000000e+01   8.0000000e+00   7.9644672e+00   8.1991000e+00
  -2.0000000e+02  -1.0000000e+02  -3.0000000e+01   9.0000000e+00   1.1518908e+01   1.2436247e+01
  -2.0000000e+02  -1.0000000e+02  -3.0000000e+01   1.0000000e+01   5.3066400e+00   5.0677040e+00
  -2.0000000e+02  -5.0000000e+01  -3.0000000e+01   4.0000000e+00   1.3203491e-01   1.2754469e-01
  -2.0000000e+02  -5.0000000e+01  -3.0000000e+01   5.0000000e+00   1.1102614e+01   1.1628650e+01
  -2.0000000e+02  -5.0000000e+01  -3.0000000e+01   6.0000000e+00  -9.0595173e+00  -8.7315461e+00
  -2.0000000e+02  -5.0000000e+01  -3.0000000e+01   7.0000000e+00  -2.0430970e+00  -2.8971035e+00
  -2.0000000e+02  -5.0000000e+01  -3.0000000e+01   8.0000000e+00   4.9303335e+00   4.9947789e+00
  -2.0000000e+02  -5.0000000e+01  -3.0000000e+01   9.0000000e+00   1.5247660e+01   1.6590247e+01
  -2.0000000e+02  -5.0000000e+01  -3.0000000e+01   1.0000000e+01   3.3094633e+00   3.0763406e+00
  -2.0000000e+02   0.0000000e+00  -3.0000000e+01   4.0000000e+00   1.4058092e-01   1.3534504e-01
  -2.0000000e+02   0.0000000e+00  -3.0000000e+01   5.0000000e+00   1.2397322e+01   1.2849183e+01
  -2.0000000e+02   0.0000000e+00  -3.0000000e+01   6.0000000e+00  -1.0572338e+01  -1.0065164e+01
  -2.0000000e+02   0.0000000e+00  -3.0000000e+01   7.0000000e+00  -1.8249843e+00  -2.7840189e+00
  -2.0000000e+02   0.0000000e+00  -3.0000000e+01   8.0000000e+00   4.4495657e-16  -6.2092953e-03
  -2.0000000e+02   0.0000000e+00  -3.0000000e+01   9.0000000e+00   1.6680903e+01   1.8160873e+01
  -2.0000000e+02   0.0000000e+00  -3.0000000e+01   1.0000000e+01   3.8304863e-16  -5.2791717e-02
  -2.0000000e+02   5.0000000e+01  -3.0000000e+01   4.0000000e+00   1.3203491e-01   1.2753599e-01
  -2.0000000e+02   5.0000000e+01  -3.0000000e+01   5.0000000e+00   1.1102614e+01   1.1631073e+01
  -2.0000000e+02   5.0000000e+01  -3.0000000e+01   6.0000000e+00  -9.0595173e+00  -8.7506092e+00
  -2.0000000e+02   5.0000000e+01  -3.0000000e+01   7.0000000e+00  -2.0430970e+00  -2.8804642e+00
  -2.0000000e+02   5.0000000e+01  -3.0000000e+01   8.0000000e+00  -4.9303335e+00  -5.0039680e+00
  -2.0000000e+02   5.0000000e+01  -3.0000000e+01   9.0000000e+00   1.5247660e+01   1.6597646e+01
  -2.0000000e+02   5.0000000e+01  -3.0000000e+01   1.0000000e+01  -3.3094633e+00  -3.1488629e+00
  -2.0000000e+02   1.0000000e+02  -3.0000000e+01   4.0000000e+00   1.0969706e-01   1.0675263e-01
  -2.0000000e+02   1.0000000e+02  -3.0000000e+01   5.0000000e+00   7.7481918e+00   8.3576551e+00
  -2.0000000e+02   1.0000000e+02  -3.0000000e+01   6.0000000e+00  -5.1453226e+00  -5.1429617e+00
  -2.0000000e+02   1.0000000e+02  -3.0000000e+01   7.0000000e+00  -2.6028692e+00  -3.2146934e+00
  -2.0000000e+02   1.0000000e+02  -3.0000000e+01   8.0000000e+00  -7.9644672e+00  -8.1980666e+00
  -2.0000000e+02   1.0000000e+02  -3.0000000e+01   9.0000000e+00   1.1518908e+01   1.2444373e+01
  -2.0000000e+02   1.0000000e+02  -3.0000000e+01   1.0000000e+01  -5.3066400e+00  -5.0721755e+00
  -2.0000000e+02   1.5000000e+02  -3.0000000e+01   4.0000000e+00   8.2410573e-02   8.0940363e-02
  -2.0000000e+02   1.5000000e+02  -3.0000000e+01   5.0000000e+00   4.0328630e+00   4.4487714e+00
  -2.0000000e+02   1.5000000e+02  -3.0000000e+01   6.0000000e+00  -1.0063494e+00  -1.0204533e+00
  -2.0000000e+02   1.5000000e+02  -3.0000000e+01   7.0000000e+00  -3.0265137e+00  -3.4283181e+00
  -2.0000000e+02   1.5000000e+02  -3.0000000e+01   8.0000000e+00  -8.1355061e+00  -8.4340597e+00
  -2.0000000e+02   1.5000000e+02  -3.0000000e+01   9.0000000e+00   7.2816637e+00   7.5703497e+00
  -2.0000000e+02   1.5000000e+02  -3.0000000e+01   1.0000000e+01  -5.3065441e+00  -5.0082600e+00
  -2.0000000e+02   2.0000000e+02  -3.0000000e+01   4.0000000e+00   5.8569806e-02   5.8658061e-02
  -2.0000000e+02   2.0000000e+02  -3.0000000e+01   5.0000000e+00   1.4657828e+00   1.5834053e+00
  -2.0000000e+02   2.0000000e+02  -3.0000000e+01   6.0000000e+00   1.4657828e+00   1.4040553e+00
  -2.0000000e+02   2.0000000e+02  -3.0000000e+01   7.0000000e+00  -2.9315657e+00  -2.9874606e+00
  -2.0000000e+02   2.0000000e+02  -3.0000000e+01   8.0000000e+00  -6.5599186e+00  -6.7093232e+00
  -2.0000000e+02   2.0000000e+02  -3.0000000e+01   9.0000000e+00   4.1456270e+00   4.0586896e+00
  -2.0000000e+02   2.0000000e+02  -3.0000000e+01   1.0000000e+01  -4.1456270e+00  -3.8838299e+00
  -2.0000000e+02   2.5000000e+02  -3.0000000e+01   4.0000000e+00   4.1044974e-02   4.2209021e-02
  -2.0000000e+02   2.5000000e+02  -3.0000000e+01   5.0000000e+00   1.4745365e-01   1.3905469e-01
  -2.0000000e+02   2.5000000e+02  -3.0000000e+01   6.0000000e+00   2.3475457e+00   2.4787725e+00
  -2.0000000e+02   2.5000000e+02  -3.0000000e+01   7.0000000e+00  -2.4949994e+00  -2.6178272e+00
  -2.0000000e+02   2.5000000e+02  -3.0000000e+01   8.0000000e+00  -4.7460741e+00  -4.6994334e+00
  -2.0000000e+02   2.5000000e+02  -3.0000000e+01   9.0000000e+00   2.2974016e+00   2.1480955e+00
  -2.0000000e+02   2.5000000e+02  -3.0000000e+01   1.0000000e+01  -2.9017454e+00  -2.5985179e+00
  -1.5000000e+02  -2.5000000e+02  -3.0000000e+01   4.0000000e+00   5.3469797e-02   5.3788646e-02
  -1.5000000e+02  -2.5000000e+02  -3.0000000e+01   5.0000000e+00  -1.5130617e+00  -1.4810329e+00
  -1.5000000e+02  -2.5000000e+02  -3.0000000e+01   6.0000000e+00   4.3712060e+00   4.7041269e+00
  -1.5000000e+02  -2.5000000e+02  -3.0000000e+01   7.0000000e+00  -2.8581443e+00  -3.2230940e+00
  -1.5000000e+02  -2.5000000e+02  -3.0000000e+01   8.0000000e+00   5.3037122e+00   5.3251483e+00
  -1.5000000e+02  -2.5000000e+02  -3.0000000e+01   9.0000000e+00   2.6146334e+00   2.3949891e+00
  -1.5000000e+02  -2.5000000e+02  -3.0000000e+01   1.0000000e+01   4.4905388e+00   4.1295918e+00
  -1.5000000e+02  -2.0000000e+02  -3.0000000e+01   4.0000000e+00   8.2410573e-02   8.1960478e-02
  -1.5000000e+02  -2.0000000e+02  -3.0000000e+01   5.0000000e+00  -1.0063494e+00  -8.3748012e-01
  -1.5000000e+02  -2.0000000e+02  -3.0000000e+01   6.0000000e+00   4.0328630e+00   4.2352695e+00
  -1.5000000e+02  -2.0000000e+02  -3.0000000e+01   7.0000000e+00  -3.0265137e+00  -3.3977894e+00
  -1.5000000e+02  -2.0000000e+02  -3.0000000e+01   8.0000000e+00   8.1355061e+00   8.5007467e+00
  -1.5000000e+02  -2.0000000e+02  -3.0000000e+01   9.0000000e+00   5.3065441e+00   5.2641318e+00
  -1.5000000e+02  -2.0000000e+02  -3.0000000e+01   1.0000000e+01   7.2816637e+00   7.3583797e+00
  -1.5000000e+02  -1.5000000e+02  -3.0000000e+01   4.0000000e+00   1.2769794e-01   1.2778388e-01
  -1.5000000e+02  -1.5000000e+02  -3.0000000e+01   5.0000000e+00   8.1009892e-01   1.0916274e+00
  -1.5000000e+02  -1.5000000e+02  -3.0000000e+01   6.0000000e+00   8.1009892e-01   7.1219925e-01
  -1.5000000e+02  -1.5000000e+02  -3.0000000e+01   7.0000000e+00  -1.6201978e+00  -1.8038267e+00
  -1.5000000e+02  -1.5000000e+02  -3.0000000e+01   8.0000000e+00   1.1391260e+01   1.1746705e+01
  -1.5000000e+02  -1.5000000e+02  -3.0000000e+01   9.0000000e+00   1.0819899e+01   1.1367517e+01
  -1.5000000e+02  -1.5000000e+02  -3.0000000e+01   1.0000000e+01   1.0819899e+01   1.1024616e+01
  -1.5000000e+02  -1.0000000e+02  -3.0000000e+01   4.0000000e+00   1.8687683e-01   1.8725781e-01
  -1.5000000e+02  -1.0000000e+02  -3.0000000e+01   5.0000000e+00   4.3760253e+00   4.5586428e+00
  -1.5000000e+02  -1.0000000e+02  -3.0000000e+01   6.0000000e+00  -6.8688731e+00  -7.2214012e+00
  -1.5000000e+02  -1.0000000e+02  -3.0000000e+01   7.0000000e+00   2.4928478e+00   2.6627584e+00
  -1.5000000e+02  -1.0000000e+02  -3.0000000e+01   8.0000000e+00   1.2196178e+01   1.2165068e+01
  -1.5000000e+02  -1.0000000e+02  -3.0000000e+01   9.0000000e+00   1.9699684e+01   2.0414600e+01
  -1.5000000e+02  -1.0000000e+02  -3.0000000e+01   1.0000000e+01   1.2042741e+01   1.1954032e+01
  -1.5000000e+02  -5.0000000e+01  -3.0000000e+01   4.0000000e+00   2.3806577e-01   2.3642699e-01
  -1.5000000e+02  -5.0000000e+01  -3.0000000e+01   5.0000000e+00   7.8318720e+00   7.7610062e+00
  -1.5000000e+02  -5.0000000e+01  -3.0000000e+01   6.0000000e+00  -1.4550233e+01  -1.4211832e+01
  -1.5000000e+02  -5.0000000e+01  -3.0000000e+01   7.0000000e+00   6.7183615e+00   6.4508260e+00
  -1.5000000e+02  -5.0000000e+01  -3.0000000e+01   8.0000000e+00   7.6282521e+00   7.3902148e+00
  -1.5000000e+02  -5.0000000e+01  -3.0000000e+01   9.0000000e+00   2.7883440e+01   2.8215472e+01
  -1.5000000e+02  -5.0000000e+01  -3.0000000e+01   1.0000000e+01   7.5557355e+00   7.1807677e+00
  -1.5000000e+02   0.0000000e+00  -3.0000000e+01   4.0000000e+00   2.5741717e-01   2.5457333e-01
  -1.5000000e+02   0.0000000e+00  -3.0000000e+01   5.0000000e+00   9.0796160e+00   8.8747873e+00
  -1.5000000e+02   0.0000000e+00  -3.0000000e+01   6.0000000e+00  -1.7220230e+01  -1.6533062e+01
  -1.5000000e+02   0.0000000e+00  -3.0000000e+01   7.0000000e+00   8.1406137e+00   7.6582746e+00
  -1.5000000e+02   0.0000000e+00  -3.0000000e+01   8.0000000e+00  -4.2630829e-16   2.4935365e-03
  -1.5000000e+02   0.0000000e+00  -3.0000000e+01   9.0000000e+00   3.0865243e+01   3.1009231e+01
  -1.5000000e+02   0.0000000e+00  -3.0000000e+01   1.0000000e+01  -6.9432307e-16  -6.5944053e-02
  -1.5000000e+02   5.0000000e+01  -3.0000000e+01   4.0000000e+00   2.3806577e-01   2.3643336e-01
  -1.5000000e+02   5.0000000e+01  -3.0000000e+01   5.0000000e+00   7.8318720e+00   7.7646408e+00
  -1.5000000e+02   5.0000000e+01  -3.0000000e+01   6.0000000e+00  -1.4550233e+01  -1.4248677e+01
  -1.5000000e+02   5.0000000e+01  -3.0000000e+01   7.0000000e+00   6.7183615e+00   6.4840367e+00
  -1.5000000e+02   5.0000000e+01  -3.0000000e+01   8.0000000e+00  -7.6282521e+00  -7.3913836e+00
  -1.5000000e+02   5.0000000e+01  -3.0000000e+01   9.0000000e+00   2.7883440e+01   2.8214692e+01
  -1.5000000e+02   5.0000000e+01  -3.0000000e+01   1.0000000e+01  -7.5557355e+00  -7.2722377e+00
  -1.5000000e+02   1.0000000e+02  -3.0000000e+01   4.0000000e+00   1.8687683e-01   1.8725192e-01
  -1.5000000e+02   1.0000000e+02  -3.0000000e+01   5.0000000e+00   4.3760253e+00   4.5593757e+00
  -1.5000000e+02   1.0000000e+02  -3.0000000e+01   6.0000000e+00  -6.8688731e+00  -7.2438666e+00
  -1.5000000e+02   1.0000000e+02  -3.0000000e+01   7.0000000e+00   2.4928478e+00   2.6844909e+00
  -1.5000000e+02   1.0000000e+02  -3.0000000e+01   8.0000000e+00  -1.2196178e+01  -1.2153198e+01
  -1.5000000e+02   1.0000000e+02  -3.0000000e+01   9.0000000e+00   1.9699684e+01   2.0404632e+01
  -1.5000000e+02   1.0000000e+02  -3.0000000e+01   1.0000000e+01  -1.2042741e+01  -1.1930220e+01
  -1.5000000e+02   1.5000000e+02  -3.0000000e+01   4.0000000e+00   1.2769794e-01   1.2776526e-01
  -1.5000000e+02   1.5000000e+02  -3.0000000e+01   5.0000000e+00   8.1009892e-01   1.0890733e+00
  -1.5000000e+02   1.5000000e+02  -3.0000000e+01   6.0000000e+00   8.1009892e-01   7.1513555e-01
  -1.5000000e+02   1.5000000e+02  -3.0000000e+01   7.0000000e+00  -1.6201978e+00  -1.8042089e+00
  -1.5000000e+02   1.5000000e+02  -3.0000000e+01   8.0000000e+00  -1.1391260e+01  -1.1747544e+01
  -1.5000000e+02   1.5000000e+02  -3.0000000e+01   9.0000000e+00   1.0819899e+01   1.1363732e+01
  -1.5000000e+02   1.5000000e+02  -3.0000000e+01   1.0000000e+01  -1.0819899e+01  -1.1015924e+01
  -1.5000000e+02   2.0000000e+02  -3.0000000e+01   4.0000000e+00   8.2410573e-02   8.1925406e-02
  -1.5000000e+02   2.0000000e+02  -3.0000000e+01   5.0000000e+00  -1.0063494e+00  -8.4036467e-01
  -1.5000000e+02   2.0000000e+02  -3.0000000e+01   6.0000000e+00   4.0328630e+00   4.2358252e+00
  -1.5000000e+02   2.0000000e+02  -3.0000000e+01   7.0000000e+00  -3.0265137e+00  -3.3954605e+00
  -1.5000000e+02   2.0000000e+02  -3.0000000e+01   8.0000000e+00  -8.1355061e+00  -8.5069576e+00
  -1.5000000e+02   2.0000000e+02  -3.0000000e+01   9.0000000e+00   5.3065441e+00   5.2618192e+00
  -1.5000000e+02   2.0000000e+02  -3.0000000e+01   1.0000000e+01  -7.2816637e+00  -7.3610280e+00
  -1.5000000e+02   2.5000000e+02  -3.0000000e+01   4.0000000e+00   5.3469797e-02   5.3735052e-02
  -1.5000000e+02   2.5000000e+02  -3.0000000e+01   5.0000000e+00  -1.5130617e+00  -1.4839951e+00
  -1.5000000e+02   2.5000000e+02  -3.0000000e+01   6.0000000e+00   4.3712060e+00   4.7040618e+00
  -1.5000000e+02   2.5000000e+02  -3.0000000e+01   7.0000000e+00  -2.8581443e+00  -3.2200667e+00
  -1.5000000e+02   2.5000000e+02  -3.0000000e+01   8.0000000e+00  -5.3037122e+00  -5.3243152e+00
  -1.5000000e+02   2.5000000e+02  -3.0000000e+01   9.0000000e+00   2.6146334e+00   2.3900141e+00
  -1.5000000e+02   2.5000000e+02  -3.0000000e+01   1.0000000e+01  -4.4905388e+00  -4.1163734e+00
  -1.0000000e+02  -2.5000000e+02  -3.0000000e+01   4.0000000e+00   6.6295859e-02   6.5683311e-02
  -1.0000000e+02  -2.5000000e+02  -3.0000000e+01   5.0000000e+00  -3.7469644e+00  -3.7182105e+00
  -1.0000000e+02  -2.5000000e+02  -3.0000000e+01   6.0000000e+00   6.8467768e+00   7.4404358e+00
  -1.0000000e+02  -2.5000000e+02  -3.0000000e+01   7.0000000e+00  -3.0998124e+00  -3.7222253e+00
  -1.0000000e+02  -2.5000000e+02  -3.0000000e+01   8.0000000e+00   4.8041090e+00   4.8852251e+00
  -1.0000000e+02  -2.5000000e+02  -3.0000000e+01   9.0000000e+00   2.3993532e+00   2.1937943e+00
  -1.0000000e+02  -2.5000000e+02  -3.0000000e+01   1.0000000e+01   6.3581088e+00   6.0070810e+00
  -1.0000000e+02  -2.0000000e+02  -3.0000000e+01   4.0000000e+00   1.0969706e-01   1.0931843e-01
  -1.0000000e+02  -2.0000000e+02  -3.0000000e+01   5.0000000e+00  -5.1453226e+00  -5.1062604e+00
  -1.0000000e+02  -2.0000000e+02  -3.0000000e+01   6.0000000e+00   7.7481918e+00   8.2439170e+00
  -1.0000000e+02  -2.0000000e+02  -3.0000000e+01   7.0000000e+00  -2.6028692e+00  -3.1376566e+00
  -1.0000000e+02  -2.0000000e+02  -3.0000000e+01   8.0000000e+00   7.9644672e+00   8.3820115e+00
  -1.0000000e+02  -2.0000000e+02  -3.0000000e+01   9.0000000e+00   5.3066400e+00   5.3734071e+00
  -1.0000000e+02  -2.0000000e+02  -3.0000000e+01   1.0000000e+01   1.1518908e+01   1.2202129e+01
  -1.0000000e+02  -1.5000000e+02  -3.0000000e+01   4.0000000e+00   1.8687683e-01   1.8975614e-01
  -1.0000000e+02  -1.5000000e+02  -3.0000000e+01   5.0000000e+00  -6.8688731e+00  -6.9515991e+00
  -1.0000000e+02  -1.5000000e+02  -3.0000000e+01   6.0000000e+00   4.3760253e+00   3.9295154e+00
  -1.0000000e+02  -1.5000000e+02  -3.0000000e+01   7.0000000e+00   2.4928478e+00   3.0220838e+00
  -1.0000000e+02  -1.5000000e+02  -3.0000000e+01   8.0000000e+00   1.2196178e+01   1.2335297e+01
  -1.0000000e+02  -1.5000000e+02  -3.0000000e+01   9.0000000e+00   1.2042741e+01   1.2526427e+01
  -1.0000000e+02  -1.5000000e+02  -3.0000000e+01   1.0000000e+01   1.9699684e+01   2.0104541e+01
  -1.0000000e+02  -1.0000000e+02  -3.0000000e+01   4.0000000e+00   3.0142050e-01   3.0512717e-01
  -1.0000000e+02  -1.0000000e+02  -3.0000000e+01   5.0000000e+00  -8.6626069e+00  -8.9547601e+00
  -1.0000000e+02  -1.0000000e+02  -3.0000000e+01   6.0000000e+00  -8.6626069e+00  -9.6135285e+00
  -1.0000000e+02  -1.0000000e+02  -3.0000000e+01   7.0000000e+00   1.7325214e+01   1.8568289e+01
  -1.0000000e+02  -1.0000000e+02  -3.0000000e+01   8.0000000e+00   1.3922654e+01   1.3632361e+01
  -1.0000000e+02  -1.0000000e+02  -3.0000000e+01   9.0000000e+00   2.4268437e+01   2.4491291e+01
  -1.0000000e+02  -1.0000000e+02  -3.0000000e+01   1.0000000e+01   2.4268437e+01   2.3884479e+01
  -1.0000000e+02  -5.0000000e+01  -3.0000000e+01   4.0000000e+00   4.0433277e-01   4.0326585e-01
  -1.0000000e+02  -5.0000000e+01  -3.0000000e+01   5.0000000e+00  -1.0056238e+01  -1.0609986e+01
  -1.0000000e+02  -5.0000000e+01  -3.0000000e+01   6.0000000e+00  -2.2137027e+01  -2.1612996e+01
  -1.0000000e+02  -5.0000000e+01  -3.0000000e+01   7.0000000e+00   3.2193265e+01   3.2222981e+01
  -1.0000000e+02  -5.0000000e+01  -3.0000000e+01   8.0000000e+00   8.6708163e+00   8.1464892e+00
  -1.0000000e+02  -5.0000000e+01  -3.0000000e+01   9.0000000e+00   3.5775993e+01   3.5158810e+01
  -1.0000000e+02  -5.0000000e+01  -3.0000000e+01   1.0000000e+01   1.4892025e+01   1.3959193e+01
  -1.0000000e+02   0.0000000e+00  -3.0000000e+01   4.0000000e+00   4.4188994e-01   4.3813363e-01
  -1.0000000e+02   0.0000000e+00  -3.0000000e+01   5.0000000e+00  -1.0584200e+01  -1.1271267e+01
  -1.0000000e+02   0.0000000e+00  -3.0000000e+01   6.0000000e+00  -2.6030269e+01  -2.4846598e+01
  -1.0000000e+02   0.0000000e+00  -3.0000000e+01   7.0000000e+00   3.6614469e+01   3.6117865e+01
  -1.0000000e+02   0.0000000e+00  -3.0000000e+01   8.0000000e+00  -1.3942840e-15   3.3130412e-03
  -1.0000000e+02   0.0000000e+00  -3.0000000e+01   9.0000000e+00   3.9747396e+01   3.8753933e+01
  -1.0000000e+02   0.0000000e+00  -3.0000000e+01   1.0000000e+01  -1.2030307e-15  -2.9098645e-02
  -1.0000000e+02   5.0000000e+01  -3.0000000e+01   4.0000000e+00   4.0433277e-01   4.0330988e-01
  -1.0000000e+02   5.0000000e+01  -3.0000000e+01   5.0000000e+00  -1.0056238e+01  -1.0609848e+01
  -1.0000000e+02   5.0000000e+01  -3.0000000e+01   6.0000000e+00  -2.2137027e+01  -2.1677266e+01
  -1.0000000e+02   5.0000000e+01  -3.0000000e+01   7.0000000e+00   3.2193265e+01   3.2287114e+01
  -1.0000000e+02   5.0000000e+01  -3.0000000e+01   8.0000000e+00  -8.6708163e+00  -8.1566825e+00
  -1.0000000e+02   5.0000000e+01  -3.0000000e+01   9.0000000e+00   3.5775993e+01   3.5167366e+01
  -1.0000000e+02   5.0000000e+01  -3.0000000e+01   1.0000000e+01  -1.4892025e+01  -1.3997389e+01
  -1.0000000e+02   1.0000000e+02  -3.0000000e+01   4.0000000e+00   3.0142050e-01   3.0508102e-01
  -1.0000000e+02   1.0000000e+02  -3.0000000e+01   5.0000000e+00  -8.6626069e+00  -8.9526621e+00
  -1.0000000e+02   1.0000000e+02  -3.0000000e+01   6.0000000e+00  -8.6626069e+00  -9.6211081e+00
  -1.0000000e+02   1.0000000e+02  -3.0000000e+01   7.0000000e+00   1.7325214e+01   1.8573770e+01
  -1.0000000e+02   1.0000000e+02  -3.0000000e+01   8.0000000e+00  -1.3922654e+01  -1.3624676e+01
  -1.0000000e+02   1.0000000e+02  -3.0000000e+01   9.0000000e+00   2.4268437e+01   2.4467361e+01
  -1.0000000e+02   1.0000000e+02  -3.0000000e+01   1.0000000e+01  -2.4268437e+01  -2.3755717e+01
  -1.0000000e+02   1.5000000e+02  -3.0000000e+01   4.0000000e+00   1.8687683e-01   1.8967211e-01
  -1.0000000e+02   1.5000000e+02  -3.0000000e+01   5.0000000e+00  -6.8688731e+00  -6.9548704e+00
  -1.0000000e+02   1.5000000e+02  -3.0000000e+01   6.0000000e+00   4.3760253e+00   3.9718745e+00
  -1.0000000e+02   1.5000000e+02  -3.0000000e+01   7.0000000e+00   2.4928478e+00   2.9829959e+00
  -1.0000000e+02   1.5000000e+02  -3.0000000e+01   8.0000000e+00  -1.2196178e+01  -1.2327462e+01
  -1.0000000e+02   1.5000000e+02  -3.0000000e+01   9.0000000e+00   1.2042741e+01   1.2498766e+01
  -1.0000000e+02   1.5000000e+02  -3.0000000e+01   1.0000000e+01  -1.9699684e+01  -2.0071863e+01
  -1.0000000e+02   2.0000000e+02  -3.0000000e+01   4.0000000e+00   1.0969706e-01   1.0925240e-01
  -1.0000000e+02   2.0000000e+02  -3.0000000e+01   5.0000000e+00  -5.1453226e+00  -5.1063514e+00
  -1.0000000e+02   2.0000000e+02  -3.0000000e+01   6.0000000e+00   7.7481918e+00   8.2460532e+00
  -1.0000000e+02   2.0000000e+02  -3.0000000e+01   7.0000000e+00  -2.6028692e+00  -3.1397018e+00
  -1.0000000e+02   2.0000000e+02  -3.0000000e+01   8.0000000e+00  -7.9644672e+00  -8.3882918e+00
  -1.0000000e+02   2.0000000e+02  -3.0000000e+01   9.0000000e+00   5.3066400e+00   5.3669880e+00
  -1.0000000e+02   2.0000000e+02  -3.0000000e+01   1.0000000e+01  -1.1518908e+01  -1.2231126e+01
  -1.0000000e+02   2.5000000e+02  -3.0000000e+01   4.0000000e+00   6.6295859e-02   6.5590675e-02
  -1.0000000e+02   2.5000000e+02  -3.0000000e+01   5.0000000e+00  -3.7469644e+00  -3.7170768e+00
  -1.0000000e+02   2.5000000e+02  -3.0000000e+01   6.0000000e+00   6.8467768e+00   7.4385982e+00
  -1.0000000e+02   2.5000000e+02  -3.0000000e+01   7.0000000e+00  -3.0998124e+00  -3.7215213e+00
  -1.0000000e+02   2.5000000e+02  -3.0000000e+01   8.0000000e+00  -4.8041090e+00  -4.8831199e+00
  -1.0000000e+02   2.5000000e+02  -3.0000000e+01   9.0000000e+00   2.3993532e+00   2.1852352e+00
  -1.0000000e+02   2.5000000e+02  -3.0000000e+01   1.0000000e+01  -6.3581088e+00  -5.9905594e+00
  -5.0000000e+01  -2.5000000e+02  -3.0000000e+01   4.0000000e+00   7.6215545e-02   7.4780964e-02
  -5.0000000e+01  -2.5000000e+02  -3.0000000e+01   5.0000000e+00  -5.7189403e+00  -5.6604350e+00
  -5.0000000e+01  -2.5000000e+02  -3.0000000e+01   6.0000000e+00   8.9427466e+00   9.7680416e+00
  -5.0000000e+01  -2.5000000e+02  -3.0000000e+01   7.0000000e+00  -3.2238063e+00  -4.1076066e+00
  -5.0000000e+01  -2.5000000e+02  -3.0000000e+01   8.0000000e+00   2.8887276e+00   2.9563409e+00
  -5.0000000e+01  -2.5000000e+02  -3.0000000e+01   9.0000000e+00   1.4522299e+00   1.3075058e+00
  -5.0000000e+01  -2.5000000e+02  -3.0000000e+01   1.0000000e+01   7.9096455e+00   7.6044899e+00
  -5.0000000e+01  -2.0000000e+02  -3.0000000e+01   4.0000000e+00   1.3203491e-01   1.3195642e-01
  -5.0000000e+01  -2.0000000e+02  -3.0000000e+01   5.0000000e+00  -9.0595173e+00  -9.1108945e+00
  -5.0000000e+01  -2.0000000e+02  -3.0000000e+01   6.0000000e+00   1.1102614e+01   1.1778833e+01
  -5.0000000e+01  -2.0000000e+02  -3.0000000e+01   7.0000000e+00  -2.0430970e+00  -2.6679385e+00
  -5.0000000e+01  -2.0000000e+02  -3.0000000e+01   8.0000000e+00   4.9303335e+00   5.2029986e+00
  -5.0000000e+01  -2.0000000e+02  -3.0000000e+01   9.0000000e+00   3.3094633e+00   3.3679920e+00
  -5.0000000e+01  -2.0000000e+02  -3.0000000e+01   1.0000000e+01   1.5247660e+01   1.6487171e+01
  -5.0000000e+01  -1.5000000e+02  -3.0000000e+01   4.0000000e+00   2.3806577e-01   2.4315503e-01
  -5.0000000e+01  -1.5000000e+02  -3.0000000e+01   5.0000000e+00  -1.4550233e+01  -1.4809238e+01
  -5.0000000e+01  -1.5000000e+02  -3.0000000e+01   6.0000000e+00   7.8318720e+00   6.9688736e+00
  -5.0000000e+01  -1.5000000e+02  -3.0000000e+01   7.0000000e+00   6.7183615e+00   7.8403640e+00
  -5.0000000e+01  -1.5000000e+02  -3.0000000e+01   8.0000000e+00   7.6282521e+00   7.6083686e+00
  -5.0000000e+01  -1.5000000e+02  -3.0000000e+01   9.0000000e+00   7.5557355e+00   7.8196565e+00
  -5.0000000e+01  -1.5000000e+02  -3.0000000e+01   1.0000000e+01   2.7883440e+01   2.8103710e+01
  -5.0000000e+01  -1.0000000e+02  -3.0000000e+01   4.0000000e+00   4.0433277e-01   4.0959389e-01
  -5.0000000e+01  -1.0000000e+02  -3.0000000e+01   5.0000000e+00  -2.2137027e+01  -2.2443259e+01
  -5.0000000e+01  -1.0000000e+02  -3.0000000e+01   6.0000000e+00  -1.0056238e+01  -1.1650070e+01
  -5.0000000e+01  -1.0000000e+02  -3.0000000e+01   7.0000000e+00   3.2193265e+01   3.4093329e+01
  -5.0000000e+01  -1.0000000e+02  -3.0000000e+01   8.0000000e+00   8.6708163e+00   8.3744096e+00
  -5.0000000e+01  -1.0000000e+02  -3.0000000e+01   9.0000000e+00   1.4892025e+01   1.4875280e+01
  -5.0000000e+01  -1.0000000e+02  -3.0000000e+01   1.0000000e+01   3.5775993e+01   3.4959144e+01
  -5.0000000e+01  -5.0000000e+01  -3.0000000e+01   4.0000000e+00   5.5591311e-01   5.5193408e-01
  -5.0000000e+01  -5.0000000e+01  -3.0000000e+01   5.0000000e+00  -2.8809825e+01  -2.8784055e+01
  -5.0000000e+01  -5.0000000e+01  -3.0000000e+01   6.0000000e+00  -2.8809825e+01  -2.7974868e+01
  -5.0000000e+01  -5.0000000e+01  -3.0000000e+01   7.0000000e+00   5.7619651e+01   5.6758924e+01
  -5.0000000e+01  -5.0000000e+01  -3.0000000e+01   8.0000000e+00   5.4722445e+00   4.9283034e+00
  -5.0000000e+01  -5.0000000e+01  -3.0000000e+01   9.0000000e+00   2.1770461e+01   2.0989647e+01
  -5.0000000e+01  -5.0000000e+01  -3.0000000e+01   1.0000000e+01   2.1770461e+01   1.9861126e+01
  -5.0000000e+01   0.0000000e+00  -3.0000000e+01   4.0000000e+00   6.1048775e-01   6.0121728e-01
  -5.0000000e+01   0.0000000e+00  -3.0000000e+01   5.0000000e+00  -3.1285378e+01  -3.1061584e+01
  -5.0000000e+01   0.0000000e+00  -3.0000000e+01   6.0000000e+00  -3.3720322e+01  -3.1753129e+01
  -5.0000000e+01   0.0000000e+00  -3.0000000e+01   7.0000000e+00   6.5005700e+01   6.2814713e+01
  -5.0000000e+01   0.0000000e+00  -3.0000000e+01   8.0000000e+00   1.0408341e-17  -3.6574350e-03
  -5.0000000e+01   0.0000000e+00  -3.0000000e+01   9.0000000e+00   2.4244497e+01   2.2923592e+01
  -5.0000000e+01   0.0000000e+00  -3.0000000e+01   1.0000000e+01  -5.2735594e-16  -5.7902374e-02
  -5.0000000e+01   5.0000000e+01  -3.0000000e+01   4.0000000e+00   5.5591311e-01   5.5202126e-01
  -5.0000000e+01   5.0000000e+01  -3.0000000e+01   5.0000000e+00  -2.8809825e+01  -2.8788603e+01
  -5.0000000e+01   5.0000000e+01  -3.0000000e+01   6.0000000e+00  -2.8809825e+01  -2.8079114e+01
  -5.0000000e+01   5.0000000e+01  -3.0000000e+01   7.0000000e+00   5.7619651e+01   5.6867718e+01
  -5.0000000e+01   5.0000000e+01  -3.0000000e+01   8.0000000e+00  -5.4722445e+00  -4.9379294e+00
  -5.0000000e+01   5.0000000e+01  -3.0000000e+01   9.0000000e+00   2.1770461e+01   2.0987740e+01
  -5.0000000e+01   5.0000000e+01  -3.0000000e+01   1.0000000e+01  -2.1770461e+01  -1.9961100e+01
  -5.0000000e+01   1.0000000e+02  -3.0000000e+01   4.0000000e+00   4.0433277e-01   4.0954833e-01
  -5.0000000e+01   1.0000000e+02  -3.0000000e+01   5.0000000e+00  -2.2137027e+01  -2.2443153e+01
  -5.0000000e+01   1.0000000e+02  -3.0000000e+01   6.0000000e+00  -1.0056238e+01  -1.1684856e+01
  -5.0000000e+01   1.0000000e+02  -3.0000000e+01   7.0000000e+00   3.2193265e+01   3.4128010e+01
  -5.0000000e+01   1.0000000e+02  -3.0000000e+01   8.0000000e+00  -8.6708163e+00  -8.3727217e+00
  -5.0000000e+01   1.0000000e+02  -3.0000000e+01   9.0000000e+00   1.4892025e+01   1.4872280e+01
  -5.0000000e+01   1.0000000e+02  -3.0000000e+01   1.0000000e+01  -3.5775993e+01  -3.4784411e+01
  -5.0000000e+01   1.5000000e+02  -3.0000000e+01   4.0000000e+00   2.3806577e-01   2.4296695e-01
  -5.0000000e+01   1.5000000e+02  -3.0000000e+01   5.0000000e+00  -1.4550233e+01  -1.4802994e+01
  -5.0000000e+01   1.5000000e+02  -3.0000000e+01   6.0000000e+00   7.8318720e+00   7.0531520e+00
  -5.0000000e+01   1.5000000e+02  -3.0000000e+01   7.0000000e+00   6.7183615e+00   7.7498416e+00
  -5.0000000e+01   1.5000000e+02  -3.0000000e+01   8.0000000e+00  -7.6282521e+00  -7.6028724e+00
  -5.0000000e+01   1.5000000e+02  -3.0000000e+01   9.0000000e+00   7.5557355e+00   7.7983586e+00
  -5.0000000e+01   1.5000000e+02  -3.0000000e+01   1.0000000e+01  -2.7883440e+01  -2.8040337e+01
  -5.0000000e+01   2.0000000e+02  -3.0000000e+01   4.0000000e+00   1.3203491e-01   1.3185078e-01
  -5.0000000e+01   2.0000000e+02  -3.0000000e+01   5.0000000e+00  -9.0595173e+00  -9.1038137e+00
  -5.0000000e+01   2.0000000e+02  -3.0000000e+01   6.0000000e+00   1.1102614e+01   1.1779846e+01
  -5.0000000e+01   2.0000000e+02  -3.0000000e+01   7.0000000e+00  -2.0430970e+00  -2.6760319e+00
  -5.0000000e+01   2.0000000e+02  -3.0000000e+01   8.0000000e+00  -4.9303335e+00  -5.2068335e+00
  -5.0000000e+01   2.0000000e+02  -3.0000000e+01   9.0000000e+00   3.3094633e+00   3.3619411e+00
  -5.0000000e+01   2.0000000e+02  -3.0000000e+01   1.0000000e+01  -1.5247660e+01  -1.6541777e+01
  -5.0000000e+01   2.5000000e+02  -3.0000000e+01   4.0000000e+00   7.6215545e-02   7.4645527e-02
  -5.0000000e+01   2.5000000e+02  -3.0000000e+01   5.0000000e+00  -5.7189403e+00  -5.6532017e+00
  -5.0000000e+01   2.5000000e+02  -3.0000000e+01   6.0000000e+00   8.9427466e+00   9.7642577e+00
  -5.0000000e+01   2.5000000e+02  -3.0000000e+01   7.0000000e+00  -3.2238063e+00  -4.1110560e+00
  -5.0000000e+01   2.5000000e+02  -3.0000000e+01   8.0000000e+00  -2.8887276e+00  -2.9543915e+00
  -5.0000000e+01   2.5000000e+02  -3.0000000e+01   9.0000000e+00   1.4522299e+00   1.3005137e+00
  -5.0000000e+01   2.5000000e+02  -3.0000000e+01   1.0000000e+01  -7.9096455e+00  -7.5853095e+00
   0.0000000e+00  -2.5000000e+02  -3.0000000e+01   4.0000000e+00   7.9960755e-02   7.8180260e-02
   0.0000000e+00  -2.5000000e+02  -3.0000000e+01   5.0000000e+00  -6.4965641e+00  -6.4178982e+00
   0.0000000e+00  -2.5000000e+02  -3.0000000e+01   6.0000000e+00   9.7588111e+00   1.0678015e+01
   0.0000000e+00  -2.5000000e+02  -3.0000000e+01   7.0000000e+00  -3.2622470e+00  -4.2601167e+00
   0.0000000e+00  -2.5000000e+02  -3.0000000e+01   8.0000000e+00   6.6136333e-18  -1.6949988e-14
   0.0000000e+00  -2.5000000e+02  -3.0000000e+01   9.0000000e+00   1.7889336e-18  -1.3436557e-14
   0.0000000e+00  -2.5000000e+02  -3.0000000e+01   1.0000000e+01   8.5098431e+00   8.2288808e+00
   0.0000000e+00  -2.0000000e+02  -3.0000000e+01   4.0000000e+00   1.4058092e-01   1.4064778e-01
   0.0000000e+00  -2.0000000e+02  -3.0000000e+01   5.0000000e+00  -1.0572338e+01  -1.0654955e+01
   0.0000000e+00  -2.0000000e+02  -3.0000000e+01   6.0000000e+00   1.2397322e+01   1.3134205e+01
   0.0000000e+00  -2.0000000e+02  -3.0000000e+01   7.0000000e+00  -1.8249843e+00  -2.4792498e+00
   0.0000000e+00  -2.0000000e+02  -3.0000000e+01   8.0000000e+00  -3.5128150e-17   3.9755097e-14
   0.0000000e+00  -2.0000000e+02  -3.0000000e+01   9.0000000e+00   1.2902006e-17   4.5916066e-14
   0.0000000e+00  -2.0000000e+02  -3.0000000e+01   1.0000000e+01   1.6680903e+01   1.8142213e+01
   0.0000000e+00  -1.5000000e+02  -3.0000000e+01   4.0000000e+00   2.5741717e-01   2.6332630e-01
   0.0000000e+00  -1.5000000e+02  -3.0000000e+01   5.0000000e+00  -1.7220230e+01  -1.7512911e+01
   0.0000000e+00  -1.5000000e+02  -3.0000000e+01   6.0000000e+00   9.0796160e+00   7.9976107e+00
   0.0000000e+00  -1.5000000e+02  -3.0000000e+01   7.0000000e+00   8.1406137e+00   9.5153000e+00
   0.0000000e+00  -1.5000000e+02  -3.0000000e+01   8.0000000e+00   9.1506663e-17  -4.0764333e-14
   0.0000000e+00  -1.5000000e+02  -3.0000000e+01   9.0000000e+00   3.9898640e-17  -2.0530429e-15
   0.0000000e+00  -1.5000000e+02  -3.0000000e+01   1.0000000e+01   3.0865243e+01   3.0910171e+01
   0.0000000e+00  -1.0000000e+02  -3.0000000e+01   4.0000000e+00   4.4188994e-01   4.4729653e-01
   0.0000000e+00  -1.0000000e+02  -3.0000000e+01   5.0000000e+00  -2.6030269e+01  -2.6165928e+01
   0.0000000e+00  -1.0000000e+02  -3.0000000e+01   6.0000000e+00  -1.0584200e+01  -1.2432894e+01
   0.0000000e+00  -1.0000000e+02  -3.0000000e+01   7.0000000e+00   3.6614469e+01   3.8598821e+01
   0.0000000e+00  -1.0000000e+02  -3.0000000e+01   8.0000000e+00   4.2067044e-17   4.0971505e-14
   0.0000000e+00  -1.0000000e+02  -3.0000000e+01   9.0000000e+00  -2.1076890e-16  -6.9540703e-15
   0.0000000e+00  -1.0000000e+02  -3.0000000e+01   1.0000000e+01   3.9747396e+01   3.8769431e+01
   0.0000000e+00  -5.0000000e+01  -3.0000000e+01   4.0000000e+00   6.1048775e-01   6.0455181e-01
   0.0000000e+00  -5.0000000e+01  -3.0000000e+01   5.0000000e+00  -3.3720322e+01  -3.3225233e+01
   0.0000000e+00  -5.0000000e+01  -3.0000000e+01   6.0000000e+00  -3.1285378e+01  -3.0330352e+01
   0.0000000e+00  -5.0000000e+01  -3.0000000e+01   7.0000000e+00   6.5005700e+01   6.3555585e+01
   0.0000000e+00  -5.0000000e+01  -3.0000000e+01   8.0000000e+00   4.1633363e-17  -7.0502778e-15
   0.0000000e+00  -5.0000000e+01  -3.0000000e+01   9.0000000e+00  -4.1633363e-17   5.7394499e-14
   0.0000000e+00  -5.0000000e+01  -3.0000000e+01   1.0000000e+01   2.4244497e+01   2.1789114e+01
   0.0000000e+00   0.0000000e+00  -3.0000000e+01   4.0000000e+00   6.7128583e-01   6.5856635e-01
   0.0000000e+00   0.0000000e+00  -3.0000000e+01   5.0000000e+00  -3.6666623e+01  -3.5745971e+01
   0.0000000e+00   0.0000000e+00  -3.0000000e+01   6.0000000e+00  -3.6666623e+01  -3.4290348e+01
   0.0000000e+00   0.0000000e+00  -3.0000000e+01   7.0000000e+00   7.3333247e+01   7.0036319e+01
   0.0000000e+00   0.0000000e+00  -3.0000000e+01   8.0000000e+00  -6.9388939e-18  -7.6518968e-16
   0.0000000e+00   0.0000000e+00  -3.0000000e+01   9.0000000e+00  -3.4694470e-17   7.7322523e-14
   0.0000000e+00   0.0000000e+00  -3.0000000e+01   1.0000000e+01  -8.7603536e-16  -7.8647890e-02
   0.0000000e+00   5.0000000e+01  -3.0000000e+01   4.0000000e+00   6.1048775e-01   6.0461944e-01
   0.0000000e+00   5.0000000e+01  -3.0000000e+01   5.0000000e+00  -3.3720322e+01  -3.3216811e+01
   0.0000000e+00   5.0000000e+01  -3.0000000e+01   6.0000000e+00  -3.1285378e+01  -3.0440999e+01
   0.0000000e+00   5.0000000e+01  -3.0000000e+01   7.0000000e+00   6.5005700e+01   6.3657810e+01
   0.0000000e+00   5.0000000e+01  -3.0000000e+01   8.0000000e+00  -7.5460471e-17  -2.3516078e-14
   0.0000000e+00   5.0000000e+01  -3.0000000e+01   9.0000000e+00   5.5511151e-17  -2.5196335e-14
   0.0000000e+00   5.0000000e+01  -3.0000000e+01   1.0000000e+01  -2.4244497e+01  -2.1925574e+01
   0.0000000e+00   1.0000000e+02  -3.0000000e+01   4.0000000e+00   4.4188994e-01   4.4726240e-01
   0.0000000e+00   1.0000000e+02  -3.0000000e+01   5.0000000e+00  -2.6030269e+01  -2.6164108e+01
   0.0000000e+00   1.0000000e+02  -3.0000000e+01   6.0000000e+00  -1.0584200e+01  -1.2489910e+01
   0.0000000e+00   1.0000000e+02  -3.0000000e+01   7.0000000e+00   3.6614469e+01   3.8654019e+01
   0.0000000e+00   1.0000000e+02  -3.0000000e+01   8.0000000e+00  -4.7488055e-17   2.3436305e-14
   0.0000000e+00   1.0000000e+02  -3.0000000e+01   9.0000000e+00   2.3592239e-16  -7.2202405e-14
   0.0000000e+00   1.0000000e+02  -3.0000000e+01   1.0000000e+01  -3.9747396e+01  -3.8589179e+01
   0.0000000e+00   1.5000000e+02  -3.0000000e+01   4.0000000e+00   2.5741717e-01   2.6309523e-01
   0.0000000e+00   1.5000000e+02  -3.0000000e+01   5.0000000e+00  -1.7220230e+01  -1.7503387e+01
   0.0000000e+00   1.5000000e+02  -3.0000000e+01   6.0000000e+00   9.0796160e+00   8.0977233e+00
   0.0000000e+00   1.5000000e+02  -3.0000000e+01   7.0000000e+00   8.1406137e+00   9.4056641e+00
   0.0000000e+00   1.5000000e+02  -3.0000000e+01   8.0000000e+00  -6.7654216e-17   2.3211974e-14
   0.0000000e+00   1.5000000e+02  -3.0000000e+01   9.0000000e+00   6.9388939e-17  -3.7377791e-14
   0.0000000e+00   1.5000000e+02  -3.0000000e+01   1.0000000e+01  -3.0865243e+01  -3.0836729e+01
   0.0000000e+00   2.0000000e+02  -3.0000000e+01   4.0000000e+00   1.4058092e-01   1.4052313e-01
   0.0000000e+00   2.0000000e+02  -3.0000000e+01   5.0000000e+00  -1.0572338e+01  -1.0643991e+01
   0.0000000e+00   2.0000000e+02  -3.0000000e+01   6.0000000e+00   1.2397322e+01   1.3134528e+01
   0.0000000e+00   2.0000000e+02  -3.0000000e+01   7.0000000e+00  -1.8249843e+00  -2.4905367e+00
   0.0000000e+00   2.0000000e+02  -3.0000000e+01   8.0000000e+00   8.6736174e-18  -2.0831988e-14
   0.0000000e+00   2.0000000e+02  -3.0000000e+01   9.0000000e+00   6.0715322e-17  -1.4211504e-14
   0.0000000e+00   2.0000000e+02  -3.0000000e+01   1.0000000e+01  -1.6680903e+01  -1.8207524e+01
   0.0000000e+00   2.5000000e+02  -3.0000000e+01   4.0000000e+00   7.9960755e-02   7.8025545e-02
   0.0000000e+00   2.5000000e+02  -3.0000000e+01   5.0000000e+00  -6.4965641e+00  -6.4075351e+00
   0.0000000e+00   2.5000000e+02  -3.0000000e+01   6.0000000e+00   9.7588111e+00   1.0673435e+01
   0.0000000e+00   2.5000000e+02  -3.0000000e+01   7.0000000e+00  -3.2622470e+00  -4.2658994e+00
   0.0000000e+00   2.5000000e+02  -3.0000000e+01   8.0000000e+00  -2.3418767e-17   9.1905324e-15
   0.0000000e+00   2.5000000e+02  -3.0000000e+01   9.0000000e+00  -3.4694470e-18  -6.6703509e-15
   0.0000000e+00   2.5000000e+02  -3.0000000e+01   1.0000000e+01  -8.5098431e+00  -8.2084682e+00
   5.0000000e+01  -2.5000000e+02  -3.0000000e+01   4.0000000e+00   7.6215545e-02   7.4780964e-02
   5.0000000e+01  -2.5000000e+02  -3.0000000e+01   5.0000000e+00  -5.7189403e+00  -5.6604350e+00
   5.0000000e+01  -2.5000000e+02  -3.0000000e+01   6.0000000e+00   8.9427466e+00   9.7680416e+00
   5.0000000e+01  -2.5000000e+02  -3.0000000e+01   7.0000000e+00  -3.2238063e+00  -4.1076066e+00
   5.0000000e+01  -2.5000000e+02  -3.0000000e+01   8.0000000e+00  -2.8887276e+00  -2.9563409e+00
   5.0000000e+01  -2.5000000e+02  -3.0000000e+01   9.0000000e+00  -1.4522299e+00  -1.3075058e+00
   5.0000000e+01  -2.5000000e+02  -3.0000000e+01   1.0000000e+01   7.9096455e+00   7.6044899e+00
   5.0000000e+01  -2.0000000e+02  -3.0000000e+01   4.0000000e+00   1.3203491e-01   1.3195642e-01
   5.0000000e+01  -2.0000000e+02  -3.0000000e+01   5.0000000e+00  -9.0595173e+00  -9.1108945e+00
   5.0000000e+01  -2.0000000e+02  -3.0000000e+01   6.0000000e+00   1.1102614e+01   1.1778833e+01
   5.0000000e+01  -2.0000000e+02  -3.0000000e+01   7.0000000e+00  -2.0430970e+00  -2.6679385e+00
   5.0000000e+01  -2.0000000e+02  -3.0000000e+01   8.0000000e+00  -4.9303335e+00  -5.2029986e+00
   5.0000000e+01  -2.0000000e+02  -3.0000000e+01   9.0000000e+00  -3.3094633e+00  -3.3679920e+00
   5.0000000e+01  -2.0000000e+02  -3.0000000e+01   1.0000000e+01   1.5247660e+01   1.6487171e+01
   5.0000000e+01  -1.5000000e+02  -3.0000000e+01   4.0000000e+00   2.3806577e-01   2.4315503e-01
   5.0000000e+01  -1.5000000e+02  -3.0000000e+01   5.0000000e+00  -1.4550233e+01  -1.4809238e+01
   5.0000000e+01  -1.5000000e+02  -3.0000000e+01   6.0000000e+00   7.8318720e+00   6.9688736e+00
   5.0000000e+01  -1.5000000e+02  -3.0000000e+01   7.0000000e+00   6.7183615e+00   7.8403640e+00
   5.0000000e+01  -1.5000000e+02  -3.0000000e+01   8.0000000e+00  -7.6282521e+00  -7.6083686e+00
   5.0000000e+01  -1.5000000e+02  -3.0000000e+01   9.0000000e+00  -7.5557355e+00  -7.8196565e+00
   5.0000000e+01  -1.5000000e+02  -3.0000000e+01   1.0000000e+01   2.7883440e+01   2.8103710e+01
   5.0000000e+01  -1.0000000e+02  -3.0000000e+01   4.0000000e+00   4.0433277e-01   4.0959389e-01
   5.0000000e+01  -1.0000000e+02  -3.0000000e+01   5.0000000e+00  -2.2137027e+01  -2.2443259e+01
   5.0000000e+01  -1.0000000e+02  -3.0000000e+01   6.0000000e+00  -1.0056238e+01  -1.1650070e+01
   5.0000000e+01  -1.0000000e+02  -3.0000000e+01   7.0000000e+00   3.2193265e+01   3.4093329e+01
   5.0000000e+01  -1.0000000e+02  -3.0000000e+01   8.0000000e+00  -8.6708163e+00  -8.3744096e+00
   5.0000000e+01  -1.0000000e+02  -3.0000000e+01   9.0000000e+00  -1.4892025e+01  -1.4875280e+01
   5.0000000e+01  -1.0000000e+02  -3.0000000e+01   1.0000000e+01   3.5775993e+01   3.4959144e+01
   5.0000000e+01  -5.0000000e+01  -3.0000000e+01   4.0000000e+00   5.5591311e-01   5.5193408e-01
   5.0000000e+01  -5.0000000e+01  -3.0000000e+01   5.0000000e+00  -2.8809825e+01  -2.8784055e+01
   5.0000000e+01  -5.0000000e+01  -3.0000000e+01   6.0000000e+00  -2.8809825e+01  -2.7974868e+01
   5.0000000e+01  -5.0000000e+01  -3.0000000e+01   7.0000000e+00   5.7619651e+01   5.6758924e+01
   5.0000000e+01  -5.0000000e+01  -3.0000000e+01   8.0000000e+00  -5.4722445e+00  -4.9283034e+00
   5.0000000e+01  -5.0000000e+01  -3.0000000e+01   9.0000000e+00  -2.1770461e+01  -2.0989647e+01
   5.0000000e+01  -5.0000000e+01  -3.0000000e+01   1.0000000e+01   2.1770461e+01   1.9861126e+01
   5.0000000e+01   0.0000000e+00  -3.0000000e+01   4.0000000e+00   6.1048775e-01   6.0121728e-01
   5.0000000e+01   0.0000000e+00  -3.0000000e+01   5.0000000e+00  -3.1285378e+01  -3.1061584e+01
   5.0000000e+01   0.0000000e+00  -3.0000000e+01   6.0000000e+00  -3.3720322e+01  -3.1753129e+01
   5.0000000e+01   0.0000000e+00  -3.0000000e+01   7.0000000e+00   6.5005700e+01   6.2814713e+01
   5.0000000e+01   0.0000000e+00  -3.0000000e+01   8.0000000e+00   1.2576745e-16   3.6574350e-03
   5.0000000e+01   0.0000000e+00  -3.0000000e+01   9.0000000e+00  -2.4244497e+01  -2.2923592e+01
   5.0000000e+01   0.0000000e+00  -3.0000000e+01   1.0000000e+01   2.8796410e-16  -5.7902374e-02
   5.0000000e+01   5.0000000e+01  -3.0000000e+01   4.0000000e+00   5.5591311e-01   5.5202126e-01
   5.0000000e+01   5.0000000e+01  -3.0000000e+01   5.0000000e+00  -2.8809825e+01  -2.8788603e+01
   5.0000000e+01   5.0000000e+01  -3.0000000e+01   6.0000000e+00  -2.8809825e+01  -2.8079114e+01
   5.0000000e+01   5.0000000e+01  -3.0000000e+01   7.0000000e+00   5.7619651e+01   5.6867718e+01
   5.0000000e+01   5.0000000e+01  -3.0000000e+01   8.0000000e+00   5.4722445e+00   4.9379294e+00
   5.0000000e+01   5.0000000e+01  -3.0000000e+01   9.0000000e+00  -2.1770461e+01  -2.0987740e+01
   5.0000000e+01   5.0000000e+01  -3.0000000e+01   1.0000000e+01  -2.1770461e+01  -1.9961100e+01
   5.0000000e+01   1.0000000e+02  -3.0000000e+01   4.0000000e+00   4.0433277e-01   4.0954833e-01
   5.0000000e+01   1.0000000e+02  -3.0000000e+01   5.0000000e+00  -2.2137027e+01  -2.2443153e+01
   5.0000000e+01   1.0000000e+02  -3.0000000e+01   6.0000000e+00  -1.0056238e+01  -1.1684856e+01
   5.0000000e+01   1.0000000e+02  -3.0000000e+01   7.0000000e+00   3.2193265e+01   3.4128010e+01
   5.0000000e+01   1.0000000e+02  -3.0000000e+01   8.0000000e+00   8.6708163e+00   8.3727217e+00
   5.0000000e+01   1.0000000e+02  -3.0000000e+01   9.0000000e+00  -1.4892025e+01  -1.4872280e+01
   5.0000000e+01   1.0000000e+02  -3.0000000e+01   1.0000000e+01  -3.5775993e+01  -3.4784411e+01
   5.0000000e+01   1.5000000e+02  -3.0000000e+01   4.0000000e+00   2.3806577e-01   2.4296695e-01
   5.0000000e+01   1.5000000e+02  -3.0000000e+01   5.0000000e+00  -1.4550233e+01  -1.4802994e+01
   5.0000000e+01   1.5000000e+02  -3.0000000e+01   6.0000000e+00   7.8318720e+00   7.0531520e+00
   5.0000000e+01   1.5000000e+02  -3.0000000e+01   7.0000000e+00   6.7183615e+00   7.7498416e+00
   5.0000000e+01   1.5000000e+02  -3.0000000e+01   8.0000000e+00   7.6282521e+00   7.6028724e+00
   5.0000000e+01   1.5000000e+02  -3.0000000e+01   9.0000000e+00  -7.5557355e+00  -7.7983586e+00
   5.0000000e+01   1.5000000e+02  -3.0000000e+01   1.0000000e+01  -2.7883440e+01  -2.8040337e+01
   5.0000000e+01   2.0000000e+02  -3.0000000e+01   4.0000000e+00   1.3203491e-01   1.3185078e-01
   5.0000000e+01   2.0000000e+02  -3.0000000e+01   5.0000000e+00  -9.0595173e+00  -9.1038137e+00
   5.0000000e+01   2.0000000e+02  -3.0000000e+01   6.0000000e+00   1.1102614e+01   1.1779846e+01
   5.0000000e+01   2.0000000e+02  -3.0000000e+01   7.0000000e+00  -2.0430970e+00  -2.6760319e+00
   5.0000000e+01   2.0000000e+02  -3.0000000e+01   8.0000000e+00   4.9303335e+00   5.2068335e+00
   5.0000000e+01   2.0000000e+02  -3.0000000e+01   9.0000000e+00  -3.3094633e+00  -3.3619411e+00
   5.0000000e+01   2.0000000e+02  -3.0000000e+01   1.0000000e+01  -1.5247660e+01  -1.6541777e+01
   5.0000000e+01   2.5000000e+02  -3.0000000e+01   4.0000000e+00   7.6215545e-02   7.4645527e-02
   5.0000000e+01   2.5000000e+02  -3.0000000e+01   5.0000000e+00  -5.7189403e+00  -5.6532017e+00
   5.0000000e+01   2.5000000e+02  -3.0000000e+01   6.0000000e+00   8.9427466e+00   9.7642577e+00
   5.0000000e+01   2.5000000e+02  -3.0000000e+01   7.0000000e+00  -3.2238063e+00  -4.1110560e+00
   5.0000000e+01   2.5000000e+02  -3.0000000e+01   8.0000000e+00   2.8887276e+00   2.9543915e+00
   5.0000000e+01   2.5000000e+02  -3.0000000e+01   9.0000000e+00  -1.4522299e+00  -1.3005137e+00
   5.0000000e+01   2.5000000e+02  -3.0000000e+01   1.0000000e+01  -7.9096455e+00  -7.5853095e+00
   1.0000000e+02  -2.5000000e+02  -3.0000000e+01   4.0000000e+00   6.6295859e-02   6.5683311e-02
   1.0000000e+02  -2.5000000e+02  -3.0000000e+01   5.0000000e+00  -3.7469644e+00  -3.7182105e+00
   1.0000000e+02  -2.5000000e+02  -3.0000000e+01   6.0000000e+00   6.8467768e+00   7.4404358e+00
   1.0000000e+02  -2.5000000e+02  -3.0000000e+01   7.0000000e+00  -3.0998124e+00  -3.7222253e+00
   1.0000000e+02  -2.5000000e+02  -3.0000000e+01   8.0000000e+00  -4.8041090e+00  -4.8852251e+00
   1.0000000e+02  -2.5000000e+02  -3.0000000e+01   9.0000000e+00  -2.3993532e+00  -2.1937943e+00
   1.0000000e+02  -2.5000000e+02  -3.0000000e+01   1.0000000e+01   6.3581088e+00   6.0070810e+00
   1.0000000e+02  -2.0000000e+02  -3.0000000e+01   4.0000000e+00   1.0969706e-01   1.0931843e-01
   1.0000000e+02  -2.0000000e+02  -3.0000000e+01   5.0000000e+00  -5.1453226e+00  -5.1062604e+00
   1.0000000e+02  -2.0000000e+02  -3.0000000e+01   6.0000000e+00   7.7481918e+00   8.2439170e+00
   1.0000000e+02  -2.0000000e+02  -3.0000000e+01   7.0000000e+00  -2.6028692e+00  -3.1376566e+00
   1.0000000e+02  -2.0000000e+02  -3.0000000e+01   8.0000000e+00  -7.9644672e+00  -8.3820115e+00
   1.0000000e+02  -2.0000000e+02  -3.0000000e+01   9.0000000e+00  -5.3066400e+00  -5.3734071e+00
   1.0000000e+02  -2.0000000e+02  -3.0000000e+01   1.0000000e+01   1.1518908e+01   1.2202129e+01
   1.0000000e+02  -1.5000000e+02  -3.0000000e+01   4.0000000e+00   1.8687683e-01   1.8975614e-01
   1.0000000e+02  -1.5000000e+02  -3.0000000e+01   5.0000000e+00  -6.8688731e+00  -6.9515991e+00
   1.0000000e+02  -1.5000000e+02  -3.0000000e+01   6.0000000e+00   4.3760253e+00   3.9295154e+00
   1.0000000e+02  -1.5000000e+02  -3.0000000e+01   7.0000000e+00   2.4928478e+00   3.0220838e+00
   1.0000000e+02  -1.5000000e+02  -3.0000000e+01   8.0000000e+00  -1.2196178e+01  -1.2335297e+01
   1.0000000e+02  -1.5000000e+02  -3.0000000e+01   9.0000000e+00  -1.2042741e+01  -1.2526427e+01
   1.0000000e+02  -1.5000000e+02  -3.0000000e+01   1.0000000e+01   1.9699684e+01   2.0104541e+01
   1.0000000e+02  -1.0000000e+02  -3.0000000e+01   4.0000000e+00   3.0142050e-01   3.0512717e-01
   1.0000000e+02  -1.0000000e+02  -3.0000000e+01   5.0000000e+00  -8.6626069e+00  -8.9547601e+00
   1.0000000e+02  -1.0000000e+02  -3.0000000e+01   6.0000000e+00  -8.6626069e+00  -9.6135285e+00
   1.0000000e+02  -1.0000000e+02  -3.0000000e+01   7.0000000e+00   1.7325214e+01   1.8568289e+01
   1.0000000e+02  -1.0000000e+02  -3.0000000e+01   8.0000000e+00  -1.3922654e+01  -1.3632361e+01
   1.0000000e+02  -1.0000000e+02  -3.0000000e+01   9.0000000e+00  -2.4268437e+01  -2.4491291e+01
   1.0000000e+02  -1.0000000e+02  -3.0000000e+01   1.0000000e+01   2.4268437e+01   2.3884479e+01
   1.0000000e+02  -5.0000000e+01  -3.0000000e+01   4.0000000e+00   4.0433277e-01   4.0326585e-01
   1.0000000e+02  -5.0000000e+01  -3.0000000e+01   5.0000000e+00  -1.0056238e+01  -1.0609986e+01
   1.0000000e+02  -5.0000000e+01  -3.0000000e+01   6.0000000e+00  -2.2137027e+01  -2.1612996e+01
   1.0000000e+02  -5.0000000e+01  -3.0000000e+01   7.0000000e+00   3.2193265e+01   3.2222981e+01
   1.0000000e+02  -5.0000000e+01  -3.0000000e+01   8.0000000e+00  -8.6708163e+00  -8.1464892e+00
   1.0000000e+02  -5.0000000e+01  -3.0000000e+01   9.0000000e+00  -3.5775993e+01  -3.5158810e+01
   1.0000000e+02  -5.0000000e+01  -3.0000000e+01   1.0000000e+01   1.4892025e+01   1.3959193e+01
   1.0000000e+02   0.0000000e+00  -3.0000000e+01   4.0000000e+00   4.4188994e-01   4.3813363e-01
   1.0000000e+02   0.0000000e+00  -3.0000000e+01   5.0000000e+00  -1.0584200e+01  -1.1271267e+01
   1.0000000e+02   0.0000000e+00  -3.0000000e+01   6.0000000e+00  -2.6030269e+01  -2.4846598e+01
   1.0000000e+02   0.0000000e+00  -3.0000000e+01   7.0000000e+00   3.6614469e+01   3.6117865e+01
   1.0000000e+02   0.0000000e+00  -3.0000000e+01   8.0000000e+00  -2.4806546e-16  -3.3130412e-03
   1.0000000e+02   0.0000000e+00  -3.0000000e+01   9.0000000e+00  -3.9747396e+01  -3.8753933e+01
   1.0000000e+02   0.0000000e+00  -3.0000000e+01   1.0000000e+01  -1.2143064e-16  -2.9098645e-02
   1.0000000e+02   5.0000000e+01  -3.0000000e+01   4.0000000e+00   4.0433277e-01   4.0330988e-01
   1.0000000e+02   5.0000000e+01  -3.0000000e+01   5.0000000e+00  -1.0056238e+01  -1.0609848e+01
   1.0000000e+02   5.0000000e+01  -3.0000000e+01   6.0000000e+00  -2.2137027e+01  -2.1677266e+01
   1.0000000e+02   5.0000000e+01  -3.0000000e+01   7.0000000e+00   3.2193265e+01   3.2287114e+01
   1.0000000e+02   5.0000000e+01  -3.0000000e+01   8.0000000e+00   8.6708163e+00   8.1566825e+00
   1.0000000e+02   5.0000000e+01  -3.0000000e+01   9.0000000e+00  -3.5775993e+01  -3.5167366e+01
   1.0000000e+02   5.0000000e+01  -3.0000000e+01   1.0000000e+01  -1.4892025e+01  -1.3997389e+01
   1.0000000e+02   1.0000000e+02  -3.0000000e+01   4.0000000e+00   3.0142050e-01   3.0508102e-01
   1.0000000e+02   1.0000000e+02  -3.0000000e+01   5.0000000e+00  -8.6626069e+00  -8.9526621e+00
   1.0000000e+02   1.0000000e+02  -3.0000000e+01   6.0000000e+00  -8.6626069e+00  -9.6211081e+00
   1.0000000e+02   1.0000000e+02  -3.0000000e+01   7.0000000e+00   1.7325214e+01   1.8573770e+01
   1.0000000e+02   1.0000000e+02  -3.0000000e+01   8.0000000e+00   1.3922654e+01   1.3624676e+01
   1.0000000e+02   1.0000000e+02  -3.0000000e+01   9.0000000e+00  -2.4268437e+01  -2.4467361e+01
   1.0000000e+02   1.0000000e+02  -3.0000000e+01   1.0000000e+01  -2.4268437e+01  -2.3755717e+01
   1.0000000e+02   1.5000000e+02  -3.0000000e+01   4.0000000e+00   1.8687683e-01   1.8967211e-01
   1.0000000e+02   1.5000000e+02  -3.0000000e+01   5.0000000e+00  -6.8688731e+00  -6.9548704e+00
   1.0000000e+02   1.5000000e+02  -3.0000000e+01   6.0000000e+00   4.3760253e+00   3.9718745e+00
   1.0000000e+02   1.5000000e+02  -3.0000000e+01   7.0000000e+00   2.4928478e+00   2.9829959e+00
   1.0000000e+02   1.5000000e+02  -3.0000000e+01   8.0000000e+00   1.2196178e+01   1.2327462e+01
   1.0000000e+02   1.5000000e+02  -3.0000000e+01   9.0000000e+00  -1.2042741e+01  -1.2498766e+01
   1.0000000e+02   1.5000000e+02  -3.0000000e+01   1.0000000e+01  -1.9699684e+01  -2.0071863e+01
   1.0000000e+02   2.0000000e+02  -3.0000000e+01   4.0000000e+00   1.0969706e-01   1.0925240e-01
   1.0000000e+02   2.0000000e+02  -3.0000000e+01   5.0000000e+00  -5.1453226e+00  -5.1063514e+00
   1.0000000e+02   2.0000000e+02  -3.0000000e+01   6.0000000e+00   7.7481918e+00   8.2460532e+00
   1.0000000e+02   2.0000000e+02  -3.0000000e+01   7.0000000e+00  -2.6028692e+00  -3.1397018e+00
   1.0000000e+02   2.0000000e+02  -3.0000000e+01   8.0000000e+00   7.9644672e+00   8.3882918e+00
   1.0000000e+02   2.0000000e+02  -3.0000000e+01   9.0000000e+00  -5.3066400e+00  -5.3669880e+00
   1.0000000e+02   2.0000000e+02  -3.0000000e+01   1.0000000e+01  -1.1518908e+01  -1.2231126e+01
   1.0000000e+02   2.5000000e+02  -3.0000000e+01   4.0000000e+00   6.6295859e-02   6.5590675e-02
   1.0000000e+02   2.5000000e+02  -3.0000000e+01   5.0000000e+00  -3.7469644e+00  -3.7170768e+00
   1.0000000e+02   2.5000000e+02  -3.0000000e+01   6.0000000e+00   6.8467768e+00   7.4385982e+00
   1.0000000e+02   2.5000000e+02  -3.0000000e+01   7.0000000e+00  -3.0998124e+00  -3.7215213e+00
   1.0000000e+02   2.5000000e+02  -3.0000000e+01   8.0000000e+00   4.8041090e+00   4.8831199e+00
   1.0000000e+02   2.5000000e+02  -3.0000000e+01   9.0000000e+00  -2.3993532e+00  -2.1852352e+00
   1.0000000e+02   2.5000000e+02  -3.0000000e+01   1.0000000e+01  -6.3581088e+00  -5.9905594e+00
   1.5000000e+02  -2.5000000e+02  -3.0000000e+01   4.0000000e+00   5.3469797e-02   5.3788646e-02
   1.5000000e+02  -2.5000000e+02  -3.0000000e+01   5.0000000e+00  -1.5130617e+00  -1.4810329e+00
   1.5000000e+02  -2.5000000e+02  -3.0000000e+01   6.0000000e+00   4.3712060e+00   4.7041269e+00
   1.5000000e+02  -2.5000000e+02  -3.0000000e+01   7.0000000e+00  -2.8581443e+00  -3.2230940e+00
   1.5000000e+02  -2.5000000e+02  -3.0000000e+01   8.0000000e+00  -5.3037122e+00  -5.3251483e+00
   1.5000000e+02  -2.5000000e+02  -3.0000000e+01   9.0000000e+00  -2.6146334e+00  -2.3949891e+00
   1.5000000e+02  -2.5000000e+02  -3.0000000e+01   1.0000000e+01   4.4905388e+00   4.1295918e+00
   1.5000000e+02  -2.0000000e+02  -3.0000000e+01   4.0000000e+00   8.2410573e-02   8.1960478e-02
   1.5000000e+02  -2.0000000e+02  -3.0000000e+01   5.0000000e+00  -1.0063494e+00  -8.3748012e-01
   1.5000000e+02  -2.0000000e+02  -3.0000000e+01   6.0000000e+00   4.0328630e+00   4.2352695e+00
   1.5000000e+02  -2.0000000e+02  -3.0000000e+01   7.0000000e+00  -3.0265137e+00  -3.3977894e+00
   1.5000000e+02  -2.0000000e+02  -3.0000000e+01   8.0000000e+00  -8.1355061e+00  -8.5007467e+00
   1.5000000e+02  -2.0000000e+02  -3.0000000e+01   9.0000000e+00  -5.3065441e+00  -5.2641318e+00
   1.5000000e+02  -2.0000000e+02  -3.0000000e+01   1.0000000e+01   7.2816637e+00   7.3583797e+00
   1.5000000e+02  -1.5000000e+02  -3.0000000e+01   4.0000000e+00   1.2769794e-01   1.2778388e-01
   1.5000000e+02  -1.5000000e+02  -3.0000000e+01   5.0000000e+00   8.1009892e-01   1.0916274e+00
   1.5000000e+02  -1.5000000e+02  -3.0000000e+01   6.0000000e+00   8.1009892e-01   7.1219925e-01
   1.5000000e+02  -1.5000000e+02  -3.0000000e+01   7.0000000e+00  -1.6201978e+00  -1.8038267e+00
   1.5000000e+02  -1.5000000e+02  -3.0000000e+01   8.0000000e+00  -1.1391260e+01  -1.1746705e+01
   1.5000000e+02  -1.5000000e+02  -3.0000000e+01   9.0000000e+00  -1.0819899e+01  -1.1367517e+01
   1.5000000e+02  -1.5000000e+02  -3.0000000e+01   1.0000000e+01   1.0819899e+01   1.1024616e+01
   1.5000000e+02  -1.0000000e+02  -3.0000000e+01   4.0000000e+00   1.8687683e-01   1.8725781e-01
   1.5000000e+02  -1.0000000e+02  -3.0000000e+01   5.0000000e+00   4.3760253e+00   4.5586428e+00
   1.5000000e+02  -1.0000000e+02  -3.0000000e+01   6.0000000e+00  -6.8688731e+00  -7.2214012e+00
   1.5000000e+02  -1.0000000e+02  -3.0000000e+01   7.0000000e+00   2.4928478e+00   2.6627584e+00
   1.5000000e+02  -1.0000000e+02  -3.0000000e+01   8.0000000e+00  -1.2196178e+01  -1.2165068e+01
   1.5000000e+02  -1.0000000e+02  -3.0000000e+01   9.0000000e+00  -1.9699684e+01  -2.0414600e+01
   1.5000000e+02  -1.0000000e+02  -3.0000000e+01   1.0000000e+01   1.2042741e+01   1.1954032e+01
   1.5000000e+02  -5.0000000e+01  -3.0000000e+01   4.0000000e+00   2.3806577e-01   2.3642699e-01
   1.5000000e+02  -5.0000000e+01  -3.0000000e+01   5.0000000e+00   7.8318720e+00   7.7610062e+00
   1.5000000e+02  -5.0000000e+01  -3.0000000e+01   6.0000000e+00  -1.4550233e+01  -1.4211832e+01
   1.5000000e+02  -5.0000000e+01  -3.0000000e+01   7.0000000e+00   6.7183615e+00   6.4508260e+00
   1.5000000e+02  -5.0000000e+01  -3.0000000e+01   8.0000000e+00  -7.6282521e+00  -7.3902148e+00
   1.5000000e+02  -5.0000000e+01  -3.0000000e+01   9.0000000e+00  -2.7883440e+01  -2.8215472e+01
   1.5000000e+02  -5.0000000e+01  -3.0000000e+01   1.0000000e+01   7.5557355e+00   7.1807677e+00
   1.5000000e+02   0.0000000e+00  -3.0000000e+01   4.0000000e+00   2.5741717e-01   2.5457333e-01
   1.5000000e+02   0.0000000e+00  -3.0000000e+01   5.0000000e+00   9.0796160e+00   8.8747873e+00
   1.5000000e+02   0.0000000e+00  -3.0000000e+01   6.0000000e+00  -1.7220230e+01  -1.6533062e+01
   1.5000000e+02   0.0000000e+00  -3.0000000e+01   7.0000000e+00   8.1406137e+00   7.6582746e+00
   1.5000000e+02   0.0000000e+00  -3.0000000e+01   8.0000000e+00   1.8041124e-16  -2.4935365e-03
   1.5000000e+02   0.0000000e+00  -3.0000000e+01   9.0000000e+00  -3.0865243e+01  -3.1009231e+01
   1.5000000e+02   0.0000000e+00  -3.0000000e+01   1.0000000e+01   6.2796990e-16  -6.5944053e-02
   1.5000000e+02   5.0000000e+01  -3.0000000e+01   4.0000000e+00   2.3806577e-01   2.3643336e-01
   1.5000000e+02   5.0000000e+01  -3.0000000e+01   5.0000000e+00   7.8318720e+00   7.7646408e+00
   1.5000000e+02   5.0000000e+01  -3.0000000e+01   6.0000000e+00  -1.4550233e+01  -1.4248677e+01
   1.5000000e+02   5.0000000e+01  -3.0000000e+01   7.0000000e+00   6.7183615e+00   6.4840367e+00
   1.5000000e+02   5.0000000e+01  -3.0000000e+01   8.0000000e+00   7.6282521e+00   7.3913836e+00
   1.5000000e+02   5.0000000e+01  -3.0000000e+01   9.0000000e+00  -2.7883440e+01  -2.8214692e+01
   1.5000000e+02   5.0000000e+01  -3.0000000e+01   1.0000000e+01  -7.5557355e+00  -7.2722377e+00
   1.5000000e+02   1.0000000e+02  -3.0000000e+01   4.0000000e+00   1.8687683e-01   1.8725192e-01
   1.5000000e+02   1.0000000e+02  -3.0000000e+01   5.0000000e+00   4.3760253e+00   4.5593757e+00
   1.5000000e+02   1.0000000e+02  -3.0000000e+01   6.0000000e+00  -6.8688731e+00  -7.2438666e+00
   1.5000000e+02   1.0000000e+02  -3.0000000e+01   7.0000000e+00   2.4928478e+00   2.6844909e+00
   1.5000000e+02   1.0000000e+02  -3.0000000e+01   8.0000000e+00   1.2196178e+01   1.2153198e+01
   1.5000000e+02   1.0000000e+02  -3.0000000e+01   9.0000000e+00  -1.9699684e+01  -2.0404632e+01
   1.5000000e+02   1.0000000e+02  -3.0000000e+01   1.0000000e+01  -1.2042741e+01  -1.1930220e+01
   1.5000000e+02   1.5000000e+02  -3.0000000e+01   4.0000000e+00   1.2769794e-01   1.2776526e-01
   1.5000000e+02   1.5000000e+02  -3.0000000e+01   5.0000000e+00   8.1009892e-01   1.0890733e+00
   1.5000000e+02   1.5000000e+02  -3.0000000e+01   6.0000000e+00   8.1009892e-01   7.1513555e-01
   1.5000000e+02   1.5000000e+02  -3.0000000e+01   7.0000000e+00  -1.6201978e+00  -1.8042089e+00
   1.5000000e+02   1.5000000e+02  -3.0000000e+01   8.0000000e+00   1.1391260e+01   1.1747544e+01
   1.5000000e+02   1.5000000e+02  -3.0000000e+01   9.0000000e+00  -1.0819899e+01  -1.1363732e+01
   1.5000000e+02   1.5000000e+02  -3.0000000e+01   1.0000000e+01  -1.0819899e+01  -1.1015924e+01
   1.5000000e+02   2.0000000e+02  -3.0000000e+01   4.0000000e+00   8.2410573e-02   8.1925406e-02
   1.5000000e+02   2.0000000e+02  -3.0000000e+01   5.0000000e+00  -1.0063494e+00  -8.4036467e-01
   1.5000000e+02   2.0000000e+02  -3.0000000e+01   6.0000000e+00   4.0328630e+00   4.2358252e+00
   1.5000000e+02   2.0000000e+02  -3.0000000e+01   7.0000000e+00  -3.0265137e+00  -3.3954605e+00
   1.5000000e+02   2.0000000e+02  -3.0000000e+01   8.0000000e+00   8.1355061e+00   8.5069576e+00
   1.5000000e+02   2.0000000e+02  -3.0000000e+01   9.0000000e+00  -5.3065441e+00  -5.2618192e+00
   1.5000000e+02   2.0000000e+02  -3.0000000e+01   1.0000000e+01  -7.2816637e+00  -7.3610280e+00
   1.5000000e+02   2.5000000e+02  -3.0000000e+01   4.0000000e+00   5.3469797e-02   5.3735052e-02
   1.5000000e+02   2.5000000e+02  -3.0000000e+01   5.0000000e+00  -1.5130617e+00  -1.4839951e+00
   1.5000000e+02   2.5000000e+02  -3.0000000e+01   6.0000000e+00   4.3712060e+00   4.7040618e+00
   1.5000000e+02   2.5000000e+02  -3.0000000e+01   7.0000000e+00  -2.8581443e+00  -3.2200667e+00
   1.5000000e+02   2.5000000e+02  -3.0000000e+01   8.0000000e+00   5.3037122e+00   5.3243152e+00
   1.5000000e+02   2.5000000e+02  -3.0000000e+01   9.0000000e+00  -2.6146334e+00  -2.3900141e+00
   1.5000000e+02   2.5000000e+02  -3.0000000e+01   1.0000000e+01  -4.4905388e+00  -4.1163734e+00
   2.0000000e+02  -2.5000000e+02  -3.0000000e+01   4.0000000e+00   4.1044974e-02   4.2240503e-02
   2.0000000e+02  -2.5000000e+02  -3.0000000e+01   5.0000000e+00   1.4745365e-01   1.4198331e-01
   2.0000000e+02  -2.5000000e+02  -3.0000000e+01   6.0000000e+00   2.3475457e+00   2.4786221e+00
   2.0000000e+02  -2.5000000e+02  -3.0000000e+01   7.0000000e+00  -2.4949994e+00  -2.6206054e+00
   2.0000000e+02  -2.5000000e+02  -3.0000000e+01   8.0000000e+00  -4.7460741e+00  -4.6990449e+00
   2.0000000e+02  -2.5000000e+02  -3.0000000e+01   9.0000000e+00  -2.2974016e+00  -2.1508803e+00
   2.0000000e+02  -2.5000000e+02  -3.0000000e+01   1.0000000e+01   2.9017454e+00   2.6080706e+00
   2.0000000e+02  -2.0000000e+02  -3.0000000e+01   4.0000000e+00   5.8569806e-02   5.8677031e-02
   2.0000000e+02  -2.0000000e+02  -3.0000000e+01   5.0000000e+00   1.4657828e+00   1.5863552e+00
   2.0000000e+02  -2.0000000e+02  -3.0000000e+01   6.0000000e+00   1.4657828e+00   1.4039307e+00
   2.0000000e+02  -2.0000000e+02  -3.0000000e+01   7.0000000e+00  -2.9315657e+00  -2.9902859e+00
   2.0000000e+02  -2.0000000e+02  -3.0000000e+01   8.0000000e+00  -6.5599186e+00  -6.7064618e+00
   2.0000000e+02  -2.0000000e+02  -3.0000000e+01   9.0000000e+00  -4.1456270e+00  -4.0599132e+00
   2.0000000e+02  -2.0000000e+02  -3.0000000e+01   1.0000000e+01   4.1456270e+00   3.8900542e+00
   2.0000000e+02  -1.5000000e+02  -3.0000000e+01   4.0000000e+00   8.2410573e-02   8.0947125e-02
   2.0000000e+02  -1.5000000e+02  -3.0000000e+01   5.0000000e+00   4.0328630e+00   4.4498937e+00
   2.0000000e+02  -1.5000000e+02  -3.0000000e+01   6.0000000e+00  -1.0063494e+00  -1.0140257e+00
   2.0000000e+02  -1.5000000e+02  -3.0000000e+01   7.0000000e+00  -3.0265137e+00  -3.4358680e+00
   2.0000000e+02  -1.5000000e+02  -3.0000000e+01   8.0000000e+00  -8.1355061e+00  -8.4309986e+00
   2.0000000e+02  -1.5000000e+02  -3.0000000e+01   9.0000000e+00  -7.2816637e+00  -7.5677481e+00
   2.0000000e+02  -1.5000000e+02  -3.0000000e+01   1.0000000e+01   5.3065441e+00   5.0187262e+00
   2.0000000e+02  -1.0000000e+02  -3.0000000e+01   4.0000000e+00   1.0969706e-01   1.0675834e-01
   2.0000000e+02  -1.0000000e+02  -3.0000000e+01   5.0000000e+00   7.7481918e+00   8.3557055e+00
   2.0000000e+02  -1.0000000e+02  -3.0000000e+01   6.0000000e+00  -5.1453226e+00  -5.1234723e+00
   2.0000000e+02  -1.0000000e+02  -3.0000000e+01   7.0000000e+00  -2.6028692e+00  -3.2322332e+00
   2.0000000e+02  -1.0000000e+02  -3.0000000e+01   8.0000000e+00  -7.9644672e+00  -8.1991000e+00
   2.0000000e+02  -1.0000000e+02  -3.0000000e+01   9.0000000e+00  -1.1518908e+01  -1.2436247e+01
   2.0000000e+02  -1.0000000e+02  -3.0000000e+01   1.0000000e+01   5.3066400e+00   5.0677040e+00
   2.0000000e+02  -5.0000000e+01  -3.0000000e+01   4.0000000e+00   1.3203491e-01   1.2754469e-01
   2.0000000e+02  -5.0000000e+01  -3.0000000e+01   5.0000000e+00   1.1102614e+01   1.1628650e+01
   2.0000000e+02  -5.0000000e+01  -3.0000000e+01   6.0000000e+00  -9.0595173e+00  -8.7315461e+00
   2.0000000e+02  -5.0000000e+01  -3.0000000e+01   7.0000000e+00  -2.0430970e+00  -2.8971035e+00
   2.0000000e+02  -5.0000000e+01  -3.0000000e+01   8.0000000e+00  -4.9303335e+00  -4.9947789e+00
   2.0000000e+02  -5.0000000e+01  -3.0000000e+01   9.0000000e+00  -1.5247660e+01  -1.6590247e+01
   2.0000000e+02  -5.0000000e+01  -3.0000000e+01   1.0000000e+01   3.3094633e+00   3.0763406e+00
   2.0000000e+02   0.0000000e+00  -3.0000000e+01   4.0000000e+00   1.4058092e-01   1.3534504e-01
   2.0000000e+02   0.0000000e+00  -3.0000000e+01   5.0000000e+00   1.2397322e+01   1.2849183e+01
   2.0000000e+02   0.0000000e+00  -3.0000000e+01   6.0000000e+00  -1.0572338e+01  -1.0065164e+01
   2.0000000e+02   0.0000000e+00  -3.0000000e+01   7.0000000e+00  -1.8249843e+00  -2.7840189e+00
   2.0000000e+02   0.0000000e+00  -3.0000000e+01   8.0000000e+00   5.4643789e-16   6.2092953e-03
   2.0000000e+02   0.0000000e+00  -3.0000000e+01   9.0000000e+00  -1.6680903e+01  -1.8160873e+01
   2.0000000e+02   0.0000000e+00  -3.0000000e+01   1.0000000e+01  -2.4286129e-16  -5.2791717e-02
   2.0000000e+02   5.0000000e+01  -3.0000000e+01   4.0000000e+00   1.3203491e-01   1.2753599e-01
   2.0000000e+02   5.0000000e+01  -3.0000000e+01   5.0000000e+00   1.1102614e+01   1.1631073e+01
   2.0000000e+02   5.0000000e+01  -3.0000000e+01   6.0000000e+00  -9.0595173e+00  -8.7506092e+00
   2.0000000e+02   5.0000000e+01  -3.0000000e+01   7.0000000e+00  -2.0430970e+00  -2.8804642e+00
   2.0000000e+02   5.0000000e+01  -3.0000000e+01   8.0000000e+00   4.9303335e+00   5.0039680e+00
   2.0000000e+02   5.0000000e+01  -3.0000000e+01   9.0000000e+00  -1.5247660e+01  -1.6597646e+01
   2.0000000e+02   5.0000000e+01  -3.0000000e+01   1.0000000e+01  -3.3094633e+00  -3.1488629e+00
   2.0000000e+02   1.0000000e+02  -3.0000000e+01   4.0000000e+00   1.0969706e-01   1.0675263e-01
   2.0000000e+02   1.0000000e+02  -3.0000000e+01   5.0000000e+00   7.7481918e+00   8.3576551e+00
   2.0000000e+02   1.0000000e+02  -3.0000000e+01   6.0000000e+00  -5.1453226e+00  -5.1429617e+00
   2.0000000e+02   1.0000000e+02  -3.0000000e+01   7.0000000e+00  -2.6028692e+00  -3.2146934e+00
   2.0000000e+02   1.0000000e+02  -3.0000000e+01   8.0000000e+00   7.9644672e+00   8.1980666e+00
   2.0000000e+02   1.0000000e+02  -3.0000000e+01   9.0000000e+00  -1.1518908e+01  -1.2444373e+01
   2.0000000e+02   1.0000000e+02  -3.0000000e+01   1.0000000e+01  -5.3066400e+00  -5.0721755e+00
   2.0000000e+02   1.5000000e+02  -3.0000000e+01   4.0000000e+00   8.2410573e-02   8.0940363e-02
   2.0000000e+02   1.5000000e+02  -3.0000000e+01   5.0000000e+00   4.0328630e+00   4.4487714e+00
   2.0000000e+02   1.5000000e+02  -3.0000000e+01   6.0000000e+00  -1.0063494e+00  -1.0204533e+00
   2.0000000e+02   1.5000000e+02  -3.0000000e+01   7.0000000e+00  -3.0265137e+00  -3.4283181e+00
   2.0000000e+02   1.5000000e+02  -3.0000000e+01   8.0000000e+00   8.1355061e+00   8.4340597e+00
   2.0000000e+02   1.5000000e+02  -3.0000000e+01   9.0000000e+00  -7.2816637e+00  -7.5703497e+00
   2.0000000e+02   1.5000000e+02  -3.0000000e+01   1.0000000e+01  -5.3065441e+00  -5.0082600e+00
   2.0000000e+02   2.0000000e+02  -3.0000000e+01   4.0000000e+00   5.8569806e-02   5.8658061e-02
   2.0000000e+02   2.0000000e+02  -3.0000000e+01   5.0000000e+00   1.4657828e+00   1.5834053e+00
   2.0000000e+02   2.0000000e+02  -3.0000000e+01   6.0000000e+00   1.4657828e+00   1.4040553e+00
   2.0000000e+02   2.0000000e+02  -3.0000000e+01   7.0000000e+00  -2.9315657e+00  -2.9874606e+00
   2.0000000e+02   2.0000000e+02  -3.0000000e+01   8.0000000e+00   6.5599186e+00   6.7093232e+00
   2.0000000e+02   2.0000000e+02  -3.0000000e+01   9.0000000e+00  -4.1456270e+00  -4.0586896e+00
   2.0000000e+02   2.0000000e+02  -3.0000000e+01   1.0000000e+01  -4.1456270e+00  -3.8838299e+00
   2.0000000e+02   2.5000000e+02  -3.0000000e+01   4.0000000e+00   4.1044974e-02   4.2209021e-02
   2.0000000e+02   2.5000000e+02  -3.0000000e+01   5.0000000e+00   1.4745365e-01   1.3905469e-01
   2.0000000e+02   2.5000000e+02  -3.0000000e+01   6.0000000e+00   2.3475457e+00   2.4787725e+00
   2.0000000e+02   2.5000000e+02  -3.0000000e+01   7.0000000e+00  -2.4949994e+00  -2.6178272e+00
   2.0000000e+02   2.5000000e+02  -3.0000000e+01   8.0000000e+00   4.7460741e+00   4.6994334e+00
   2.0000000e+02   2.5000000e+02  -3.0000000e+01   9.0000000e+00  -2.2974016e+00  -2.1480955e+00
   2.0000000e+02   2.5000000e+02  -3.0000000e+01   1.0000000e+01  -2.9017454e+00  -2.5985179e+00
   2.5000000e+02  -2.5000000e+02  -3.0000000e+01   4.0000000e+00   3.0789074e-02   3.2557693e-02
   2.5000000e+02  -2.5000000e+02  -3.0000000e+01   5.0000000e+00   1.0375704e+00   1.1624498e+00
   2.5000000e+02  -2.5000000e+02  -3.0000000e+01   6.0000000e+00   1.0375704e+00   1.0449724e+00
   2.5000000e+02  -2.5000000e+02  -3.0000000e+01   7.0000000e+00  -2.0751408e+00  -2.2074222e+00
   2.5000000e+02  -2.5000000e+02  -3.0000000e+01   8.0000000e+00  -3.7905217e+00  -3.6819313e+00
   2.5000000e+02  -2.5000000e+02  -3.0000000e+01   9.0000000e+00  -1.7982462e+00  -1.5792095e+00
   2.5000000e+02  -2.5000000e+02  -3.0000000e+01   1.0000000e+01   1.7982462e+00   1.4944965e+00
   2.5000000e+02  -2.0000000e+02  -3.0000000e+01   4.0000000e+00   4.1044974e-02   4.1673248e-02
   2.5000000e+02  -2.0000000e+02  -3.0000000e+01   5.0000000e+00   2.3475457e+00   2.6433530e+00
   2.5000000e+02  -2.0000000e+02  -3.0000000e+01   6.0000000e+00   1.4745365e-01   1.4113763e-02
   2.5000000e+02  -2.0000000e+02  -3.0000000e+01   7.0000000e+00  -2.4949994e+00  -2.6574667e+00
   2.5000000e+02  -2.0000000e+02  -3.0000000e+01   8.0000000e+00  -4.7460741e+00  -4.6430525e+00
   2.5000000e+02  -2.0000000e+02  -3.0000000e+01   9.0000000e+00  -2.9017454e+00  -2.6801562e+00
   2.5000000e+02  -2.0000000e+02  -3.0000000e+01   1.0000000e+01   2.2974016e+00   2.0082148e+00
   2.5000000e+02  -1.5000000e+02  -3.0000000e+01   4.0000000e+00   5.3469797e-02   5.2296006e-02
   2.5000000e+02  -1.5000000e+02  -3.0000000e+01   5.0000000e+00   4.3712060e+00   4.9074893e+00
   2.5000000e+02  -1.5000000e+02  -3.0000000e+01   6.0000000e+00  -1.5130617e+00  -1.5756936e+00
   2.5000000e+02  -1.5000000e+02  -3.0000000e+01   7.0000000e+00  -2.8581443e+00  -3.3317958e+00
   2.5000000e+02  -1.5000000e+02  -3.0000000e+01   8.0000000e+00  -5.3037122e+00  -5.2174664e+00
   2.5000000e+02  -1.5000000e+02  -3.0000000e+01   9.0000000e+00  -4.4905388e+00  -4.1634984e+00
   2.5000000e+02  -1.5000000e+02  -3.0000000e+01   1.0000000e+01   2.6146334e+00   2.1789952e+00
   2.5000000e+02  -1.0000000e+02  -3.0000000e+01   4.0000000e+00   6.6295859e-02   6.2852900e-02
   2.5000000e+02  -1.0000000e+02  -3.0000000e+01   5.0000000e+00   6.8467768e+00   7.6598533e+00
   2.5000000e+02  -1.0000000e+02  -3.0000000e+01   6.0000000e+00  -3.7469644e+00  -3.6563251e+00
   2.5000000e+02  -1.0000000e+02  -3.0000000e+01   7.0000000e+00  -3.0998124e+00  -4.0035282e+00
   2.5000000e+02  -1.0000000e+02  -3.0000000e+01   8.0000000e+00  -4.8041090e+00  -4.7480124e+00
   2.5000000e+02  -1.0000000e+02  -3.0000000e+01   9.0000000e+00  -6.3581088e+00  -6.0060438e+00
   2.5000000e+02  -1.0000000e+02  -3.0000000e+01   1.0000000e+01   2.3993532e+00   1.9375420e+00
   2.5000000e+02  -5.0000000e+01  -3.0000000e+01   4.0000000e+00   7.6215545e-02   7.0693077e-02
   2.5000000e+02  -5.0000000e+01  -3.0000000e+01   5.0000000e+00   8.9427466e+00   9.9435413e+00
   2.5000000e+02  -5.0000000e+01  -3.0000000e+01   6.0000000e+00  -5.7189403e+00  -5.3951654e+00
   2.5000000e+02  -5.0000000e+01  -3.0000000e+01   7.0000000e+00  -3.2238063e+00  -4.5483759e+00
   2.5000000e+02  -5.0000000e+01  -3.0000000e+01   8.0000000e+00  -2.8887276e+00  -2.8494075e+00
   2.5000000e+02  -5.0000000e+01  -3.0000000e+01   9.0000000e+00  -7.9096455e+00  -7.5945695e+00
   2.5000000e+02  -5.0000000e+01  -3.0000000e+01   1.0000000e+01   1.4522299e+00   1.1219780e+00
   2.5000000e+02   0.0000000e+00  -3.0000000e+01   4.0000000e+00   7.9960755e-02   7.3568072e-02
   2.5000000e+02   0.0000000e+00  -3.0000000e+01   5.0000000e+00   9.7588111e+00   1.0815384e+01
   2.5000000e+02   0.0000000e+00  -3.0000000e+01   6.0000000e+00  -6.4965641e+00  -6.0575003e+00
   2.5000000e+02   0.0000000e+00  -3.0000000e+01   7.0000000e+00  -3.2622470e+00  -4.7578839e+00
   2.5000000e+02   0.0000000e+00  -3.0000000e+01   8.0000000e+00   1.7347235e-18   4.6040878e-03
   2.5000000e+02   0.0000000e+00  -3.0000000e+01   9.0000000e+00  -8.5098431e+00  -8.2207900e+00
   2.5000000e+02   0.0000000e+00  -3.0000000e+01   1.0000000e+01   1.3877788e-17  -1.2933767e-02
   2.5000000e+02   5.0000000e+01  -3.0000000e+01   4.0000000e+00   7.6215545e-02   7.0678659e-02
   2.5000000e+02   5.0000000e+01  -3.0000000e+01   5.0000000e+00   8.9427466e+00   9.9417424e+00
   2.5000000e+02   5.0000000e+01  -3.0000000e+01   6.0000000e+00  -5.7189403e+00  -5.3981020e+00
   2.5000000e+02   5.0000000e+01  -3.0000000e+01   7.0000000e+00  -3.2238063e+00  -4.5436404e+00
   2.5000000e+02   5.0000000e+01  -3.0000000e+01   8.0000000e+00   2.8887276e+00   2.8557053e+00
   2.5000000e+02   5.0000000e+01  -3.0000000e+01   9.0000000e+00  -7.9096455e+00  -7.5963643e+00
   2.5000000e+02   5.0000000e+01  -3.0000000e+01   1.0000000e+01  -1.4522299e+00  -1.1365375e+00
   2.5000000e+02   1.0000000e+02  -3.0000000e+01   4.0000000e+00   6.6295859e-02   6.2841814e-02
   2.5000000e+02   1.0000000e+02  -3.0000000e+01   5.0000000e+00   6.8467768e+00   7.6570326e+00
   2.5000000e+02   1.0000000e+02  -3.0000000e+01   6.0000000e+00  -3.7469644e+00  -3.6613235e+00
   2.5000000e+02   1.0000000e+02  -3.0000000e+01   7.0000000e+00  -3.0998124e+00  -3.9957091e+00
   2.5000000e+02   1.0000000e+02  -3.0000000e+01   8.0000000e+00   4.8041090e+00   4.7481332e+00
   2.5000000e+02   1.0000000e+02  -3.0000000e+01   9.0000000e+00  -6.3581088e+00  -6.0085512e+00
   2.5000000e+02   1.0000000e+02  -3.0000000e+01   1.0000000e+01  -2.3993532e+00  -1.9299983e+00
   2.5000000e+02   1.5000000e+02  -3.0000000e+01   4.0000000e+00   5.3469797e-02   5.2289962e-02
   2.5000000e+02   1.5000000e+02  -3.0000000e+01   5.0000000e+00   4.3712060e+00   4.9041883e+00
   2.5000000e+02   1.5000000e+02  -3.0000000e+01   6.0000000e+00  -1.5130617e+00  -1.5784784e+00
   2.5000000e+02   1.5000000e+02  -3.0000000e+01   7.0000000e+00  -2.8581443e+00  -3.3257099e+00
   2.5000000e+02   1.5000000e+02  -3.0000000e+01   8.0000000e+00   5.3037122e+00   5.2170124e+00
   2.5000000e+02   1.5000000e+02  -3.0000000e+01   9.0000000e+00  -4.4905388e+00  -4.1658734e+00
   2.5000000e+02   1.5000000e+02  -3.0000000e+01   1.0000000e+01  -2.6146334e+00  -2.1673903e+00
   2.5000000e+02   2.0000000e+02  -3.0000000e+01   4.0000000e+00   4.1044974e-02   4.1660240e-02
   2.5000000e+02   2.0000000e+02  -3.0000000e+01   5.0000000e+00   2.3475457e+00   2.6403095e+00
   2.5000000e+02   2.0000000e+02  -3.0000000e+01   6.0000000e+00   1.4745365e-01   1.4140167e-02
   2.5000000e+02   2.0000000e+02  -3.0000000e+01   7.0000000e+00  -2.4949994e+00  -2.6544497e+00
   2.5000000e+02   2.0000000e+02  -3.0000000e+01   8.0000000e+00   4.7460741e+00   4.6437589e+00
   2.5000000e+02   2.0000000e+02  -3.0000000e+01   9.0000000e+00  -2.9017454e+00  -2.6817990e+00
   2.5000000e+02   2.0000000e+02  -3.0000000e+01   1.0000000e+01  -2.2974016e+00  -2.0011436e+00
   2.5000000e+02   2.5000000e+02  -3.0000000e+01   4.0000000e+00   3.0789074e-02   3.2533536e-02
   2.5000000e+02   2.5000000e+02  -3.0000000e+01   5.0000000e+00   1.0375704e+00   1.1594291e+00
   2.5000000e+02   2.5000000e+02  -3.0000000e+01   6.0000000e+00   1.0375704e+00   1.0463310e+00
   2.5000000e+02   2.5000000e+02  -3.0000000e+01   7.0000000e+00  -2.0751408e+00  -2.2057601e+00
   2.5000000e+02   2.5000000e+02  -3.0000000e+01   8.0000000e+00   3.7905217e+00   3.6816561e+00
   2.5000000e+02   2.5000000e+02  -3.0000000e+01   9.0000000e+00  -1.7982462e+00  -1.5817940e+00
   2.5000000e+02   2.5000000e+02  -3.0000000e+01   1.0000000e+01  -1.7982462e+00  -1.4857296e+00
